user	item	prediction
19	318	4.424115356822977
19	1234	4.406382424335472
23	327	2.499084235008338
23	915	3.6248623280222914
23	1090	3.744771933705999
23	1204	3.89113645686245
23	1222	3.451203783187878
23	1258	3.4033292396751897
23	1388	2.2838710276124727
23	1958	3.372661855798193
23	2119	2.08253418957988
23	2148	2.501305227179444
23	2149	2.075247506911674
23	2259	2.46193791424806
23	2409	2.9021234796391093
23	2410	2.5985446003881245
23	2411	2.3634976899753606
23	2617	3.060511213770244
23	2641	3.021662068375411
23	2642	1.937929294553823
23	2643	1.5534782864219905
23	2712	2.7967939060452918
23	2973	3.5808407402591853
23	3052	3.276339995722329
23	3396	3.3278277734152697
23	3525	2.619517392963288
23	3740	3.253055452732031
36	260	5.173532648675589
36	292	3.921540667605016
36	368	4.060982552596193
36	507	4.112373684783834
36	541	4.626161242999645
36	555	4.454446664935764
36	592	4.264796501264248
36	610	3.975521493761754
36	858	5.0230369705884845
36	1036	4.717084772049633
36	1101	4.307143971422015
36	1198	4.8722513925135695
36	1221	4.915596399171314
36	1264	4.549683542309437
36	1374	4.27986077216472
36	1376	3.984436298103432
36	1597	3.84067311775329
36	1608	4.041783663950543
36	1954	4.672792634224284
36	2001	4.025301003658423
36	2013	4.047438550739583
36	2105	3.832299908684867
36	2194	4.534345448803967
36	2273	4.0434437144559086
36	2529	4.27167436832271
36	2617	3.8210486988715497
36	2640	4.097004579001547
36	2802	3.5844322931058823
36	2948	4.354308533440488
36	2989	3.959655186604496
36	3104	4.451052122402444
36	3418	4.299023717591802
36	3480	4.163671210317957
36	3576	4.288437051288378
36	3635	4.110576748469807
36	3702	4.050428668430788
65	592	4.276593084499417
65	1259	4.674334033530396
65	2028	4.910758470780581
65	2088	3.368705369240685
65	2133	4.086258525083152
65	2421	3.5558997752361328
65	2422	3.018863044831133
65	2450	2.851586129658706
65	2470	4.23428938556555
65	2471	3.5285481447616114
65	2950	3.174619071149784
65	2987	4.379038399462148
65	3948	4.54285501655512
80	590	4.162500126765436
89	370	2.861428366345476
89	527	4.454721132744142
89	1218	4.170418612780136
89	1704	4.2000392746153565
89	2791	3.831223570915659
89	2792	2.9417967724663927
89	3265	4.073537829919119
89	3408	3.789859308404988
89	3740	3.448758021240319
89	3868	3.661510395994344
89	3869	3.088674475694668
90	1	3.961480264047518
90	12	2.33152242479545
90	19	2.301785637195777
90	32	3.745941720904374
90	34	3.7903415157587887
90	45	3.226525275280386
90	47	3.8925276856693887
90	50	4.331801062672718
90	60	3.086810950902239
90	63	2.7270418666033507
90	95	2.689768086511983
90	110	4.0373266228062485
90	112	3.280730890297174
90	141	3.420387123790324
90	164	3.3820754112901765
90	185	2.635868420574325
90	208	2.5484569054841244
90	224	3.290066498890794
90	235	3.5973990815032564
90	253	3.4740347145704007
90	257	2.892763520043668
90	281	3.4490134457129926
90	294	2.8452949365860043
90	300	3.606910002083223
90	318	4.410944948705443
90	337	3.758014986356893
90	344	3.0366279187401477
90	350	3.2176142278571724
90	353	3.30024104815689
90	356	3.942416965384665
90	367	3.1446434876507245
90	370	2.7289568875753023
90	373	3.685083778889474
90	376	3.085726212134341
90	377	3.451915494145844
90	383	3.102899899468607
90	392	2.9425782585402604
90	440	3.690007440827467
90	454	3.394482875328728
90	457	3.913134109491288
90	468	3.141053137021088
90	471	3.514885595010825
90	477	3.3404423544524486
90	527	4.350069470811646
90	539	3.641406374034091
90	551	3.571391544673314
90	553	3.7455594649386894
90	586	3.0180312746250197
90	608	4.118150115523906
90	647	3.3710335559675184
90	648	3.279891226454379
90	708	3.2576167664350084
90	736	3.008095376319308
90	743	2.4236176418859285
90	765	2.516658623861879
90	780	3.342909138265723
90	784	2.58245884488186
90	786	2.98419676456423
90	788	2.8548477924830418
90	802	3.308653979250362
90	852	3.036719121025725
90	861	3.3571399861000724
90	869	3.093922033056842
90	903	4.143186269809404
90	913	4.222618811096379
90	986	3.3574395195487323
90	993	3.202055607068127
90	994	3.895561621124949
90	999	3.076568388500691
90	1020	3.0702164949562114
90	1037	2.4436215867698072
90	1042	3.3562546578308434
90	1049	3.188648393391205
90	1080	3.901942642624093
90	1089	4.03034638912228
90	1136	4.159117227263751
90	1219	4.154399907332109
90	1233	4.185854817818954
90	1265	3.835587206432815
90	1266	3.934939714061036
90	1275	3.641839902275656
90	1284	4.139328701584563
90	1377	2.8960772793435794
90	1390	3.110239770460645
90	1391	2.758157764042013
90	1401	3.2687730224877
90	1416	3.185271477269628
90	1429	3.1260157628820813
90	1437	2.9749819596464886
90	1449	3.994630560990297
90	1457	3.072512573345259
90	1459	3.129774699287178
90	1466	3.6783973441318016
90	1476	3.307688435170682
90	1480	3.20293449649471
90	1485	3.329145823164954
90	1487	2.830863688466701
90	1518	3.2462512322076003
90	1527	3.473989746912097
90	1552	3.1174092415266004
90	1580	3.5026868482307294
90	1584	3.662765792746995
90	1586	2.9205944875864143
90	1588	2.980892880430116
90	1617	4.071576592243209
90	1625	3.753630870605557
90	1627	2.840952387253528
90	1645	3.2529107081873443
90	1673	3.604180026394056
90	1682	3.714418964167108
90	1687	2.972120501165824
90	1704	4.014731459460174
90	1711	2.979455017650376
90	1721	3.499120628295921
90	1729	3.499346743202553
90	1747	3.3149657099187
90	1769	2.9519436112589297
90	1779	2.5350637898552555
90	1783	2.5996024951873253
90	1784	3.803044830379384
90	1799	3.251935219053589
90	1805	3.280353108290418
90	1845	3.634234843842806
90	1858	3.2603973471478227
90	1892	3.1443956016375374
90	1894	2.710146981412506
90	1909	3.301594757789597
90	1912	3.6509313234898015
90	1914	3.701495766532832
90	1917	3.044894660978941
90	2012	3.1655650368614423
90	2027	2.3507621487170325
90	2060	3.037293862653421
90	2094	3.0365260787085075
90	2106	3.1707373059953627
90	2108	3.603570345412049
90	2170	2.4854491471165554
90	2177	2.957231353577581
90	2190	2.8451088107998364
90	2273	3.3632096151480844
90	2278	3.345241559190816
90	2279	2.586416594520064
90	2302	3.6447904809901135
90	2321	3.5844415843725352
90	2331	2.985995941948531
90	2335	2.8108331343577717
90	2394	3.4246294866601823
90	2395	3.63152520052036
90	2424	3.278075132794404
90	2427	3.2511797331406744
90	2431	3.030547143310231
90	2505	2.612843906499955
90	2539	3.2749055347193736
90	2540	3.002924848863316
90	2542	3.6440067459976704
90	2582	3.1212084192397125
90	2628	3.1729119546033964
90	2683	3.2576316427803693
90	2688	2.8603336323686928
90	2700	3.623227485701877
90	2707	3.2639629844730096
90	2712	3.140632117631672
90	2723	2.819985536639113
90	2762	4.245353529282982
90	2763	3.408284844169549
90	2791	3.783110153735787
90	2792	2.840717155768018
90	2803	3.109781336797012
90	2841	3.4474283591600705
90	2858	4.176757929292252
90	2879	3.3498693629309844
90	2880	3.3335473003078957
90	2881	2.934068642825509
90	2908	3.8800059823289823
90	2912	3.562469152336176
90	2916	3.565389547956579
90	2959	3.900560532674684
90	2976	2.897182539521635
90	2997	3.8944002932013633
90	3005	3.1770735502076564
90	3082	3.241063742389813
90	3100	3.568097496448864
90	3105	3.6744370538014426
90	3114	4.085832819558235
90	3129	3.559372711936209
90	3141	2.946642629794444
90	3147	3.991040488244645
90	3160	3.769675184426616
90	3175	3.596547548059914
90	3186	3.3692877990496037
90	3208	2.742630128805653
90	3219	3.1509811612360306
90	3247	3.0273713640209654
90	3255	3.587777969082313
90	3256	3.578463552546166
90	3257	2.6988009034493468
90	3264	2.8574607097982696
90	3267	3.583982107222907
90	3386	3.617975833727232
90	3408	3.677320665830425
90	3418	3.529048990871876
90	3578	3.908213818751821
90	3623	3.052662756835972
90	3624	3.508150643077188
90	3751	3.700628818038397
90	3752	2.911759356427014
90	3755	3.146687698531031
90	3798	3.1620118724085478
90	3809	3.3051075589757875
90	3821	2.513480355036812
90	3826	2.4419543505757004
90	3863	3.100088253595272
90	3869	2.972749216125377
90	3879	2.537643389038866
90	3896	3.158696031610965
90	3948	3.512393446409204
97	898	4.696349619391699
97	3334	4.521840726995188
99	32	3.495548016154101
99	47	3.4439750541112955
99	260	4.027522057793449
99	364	3.5278205346173555
99	457	3.603019488989196
99	709	2.6276648045366846
99	919	3.529492525873426
99	1012	3.231403347719902
99	1073	3.341050612045433
99	1097	3.534942414638849
99	1197	3.780811227410068
99	1198	3.853801640360373
99	1203	3.7678261495756655
99	1213	3.783983211430969
99	1234	3.797076540663741
99	1246	3.4287857442281027
99	1259	3.652083180383643
99	1262	3.8307559744676496
99	1393	3.3600379735806785
99	1529	2.8815170087298827
99	1584	3.2026467389574287
99	1625	3.36567570255218
99	1639	3.193918915767621
99	1968	3.5185253905014418
99	2018	3.2619316087976
99	2080	3.388257420780033
99	2144	3.357625146265544
99	2352	3.261208616817929
99	2542	3.289956522326627
99	2716	3.412929094772463
99	2762	3.87294661371707
99	2797	3.330315610441526
99	3006	3.436469903958405
99	3317	3.4737828141786373
99	3363	3.523014154532689
99	3421	3.563492396975051
99	3948	3.211472943076794
116	157	3.258450524644878
116	165	4.076804851376505
116	924	4.500729733116071
116	1036	4.507364430618782
116	1090	4.458730133035554
116	1222	4.695396224520633
116	1258	4.5994012360980605
116	1274	4.496356182513942
116	1370	3.992652577649807
116	1388	3.170020206940277
116	2268	4.428053844282277
116	2340	3.75675228438852
116	2421	3.193292336003223
116	2422	2.692145151210446
116	3052	4.321785476272552
116	3253	4.200035458471661
116	3254	3.2842401465258866
116	3527	4.139445085821925
116	3911	4.610909048567504
116	3918	3.410882672037611
116	3949	4.748291004401184
127	290	4.098685142403574
127	318	4.708041983866732
127	2769	3.4318788448172097
127	3720	3.8024373494094568
127	3911	4.275899490694486
131	1717	2.833081245221501
133	265	4.080903138052348
133	1073	4.25740217384438
133	2686	3.974936059869392
133	3720	3.788023445716214
133	3798	3.5555660398691007
133	3911	4.2197317719554
137	3	3.1544758550989904
137	7	3.4239029082664287
137	11	3.869768450488285
137	25	3.6092627291746977
137	32	4.047224866025404
137	34	3.95398386144682
137	36	3.912237329807751
137	42	2.862090895404456
137	47	3.962930417507348
137	50	4.515053285901804
137	58	4.135440785953425
137	70	3.142316752135545
137	105	3.3010589571080264
137	110	4.063650746769657
137	150	4.152965128491842
137	164	3.5600631515136127
137	168	3.006836722615622
137	196	2.856477968231014
137	208	2.850548798733924
137	235	3.843417227786757
137	236	3.372542558211705
137	242	3.558574230152886
137	249	3.777472069355142
137	252	3.3588800504323597
137	253	3.589031920074139
137	265	4.00675706498937
137	266	3.4129625091709457
137	288	3.164836022091059
137	296	4.232513221696729
137	300	3.836405285033098
137	303	3.0677523830881768
137	316	3.4583265893656754
137	317	3.253156058568889
137	318	4.559901767633091
137	329	3.396398287485969
137	349	3.832307024813716
137	356	4.226663942697682
137	357	3.680209383483168
137	367	3.544023190778453
137	377	3.720564012738528
137	383	3.304744934611913
137	440	3.9406240385029454
137	457	4.179517344413072
137	507	3.623549300014804
137	509	3.5883335647238277
137	527	4.445290893776364
137	532	3.122281282391674
137	539	3.6867910705231823
137	551	3.718519399672588
137	553	3.907057040032144
137	587	3.602407903979536
137	589	4.003297021859845
137	590	3.848749751210733
137	595	3.8821783508483607
137	597	3.522499730899449
137	608	4.414633933202449
137	648	3.420878198853896
137	653	3.311614411705807
137	733	3.886801785332633
137	736	3.2756681083439587
137	762	2.226080830240923
137	780	3.4370074154315224
137	852	3.1664377520559595
137	986	3.5552240813736984
137	1049	3.359486403610649
137	1057	3.674343042101997
137	1089	4.175072539781155
137	1092	3.618441503990655
137	1094	3.708726330758624
137	1120	3.604447155539139
137	1183	3.5191344650593583
137	1213	4.254943905785089
137	1265	4.112689496222929
137	1266	4.175812656724595
137	1280	4.269714682102775
137	1339	3.3253743211315814
137	1343	3.767791050056059
137	1356	3.6992681121177866
137	1372	3.4027778538617506
137	1377	3.199230337737502
137	1391	2.9195957827441155
137	1407	3.4800426624445677
137	1408	3.881871616393813
137	1416	3.351220778634213
137	1422	3.0920807700467017
137	1441	3.514199547128893
137	1464	3.347976312398212
137	1479	3.0987479820355257
137	1527	3.672822401745997
137	1544	3.158245172178684
137	1573	3.5075508308042305
137	1580	4.113618627246374
137	1584	3.8838101237556777
137	1586	3.141855108193812
137	1590	2.5283754480198386
137	1597	3.4288870901906336
137	1603	3.062954821027747
137	1610	4.171253831430012
137	1617	4.198423393955483
137	1619	3.465939225981656
137	1639	3.741405840959673
137	1645	3.479602656602144
137	1653	3.7413361284155897
137	1676	3.14934809688195
137	1680	3.8065562070316687
137	1704	4.147696175301765
137	1711	3.2097035620844707
137	1732	3.7798575371780574
137	1777	3.374630419733176
137	1801	3.138934191035503
137	1876	3.23280650300233
137	1894	2.909733314081449
137	1909	3.4663764284352165
137	1918	3.1751121503632325
137	1920	2.729405080085918
137	1921	3.751855574394409
137	2002	3.248348804098089
137	2006	3.5815229175861307
137	2028	4.324457285991473
137	2167	3.6227958326020295
137	2268	3.977614635956354
137	2273	3.594177429148296
137	2291	3.830759964796228
137	2340	3.330050066373311
137	2353	3.749207408880912
137	2393	3.359470035723633
137	2394	3.624598735243045
137	2424	3.322347533998633
137	2427	3.519830092592949
137	2497	2.921445282597117
137	2571	4.249720899465956
137	2583	3.731543589338247
137	2617	3.4393720422021654
137	2628	3.4282787662995915
137	2692	4.182395567158239
137	2873	2.737774860424524
137	2890	3.825455980893311
137	2916	3.789647563927777
137	2998	3.618430730008372
137	3053	3.065854388632816
137	3107	3.585516052733549
137	3247	3.240192186276095
137	3256	3.867495203167741
137	3269	3.287785998395625
137	3386	3.808446558610105
137	3418	3.746475724992735
140	260	4.219822341351984
140	858	4.251202946451305
140	969	4.0354494981300695
140	1196	4.040542131660526
140	1198	4.244230559008669
140	1221	4.130386074487539
140	2028	4.091727639593551
140	3535	2.9926793854153897
149	157	2.9761554716821714
149	358	3.3439560057584345
149	647	3.701773049395437
149	924	4.931708954125809
149	1734	4.100926891381168
149	1883	3.673121186409386
149	1942	4.342655515168033
149	2259	3.061649898137027
149	2340	3.4737457020656533
149	2360	4.416144472857863
149	2421	3.026338093904159
149	2422	2.465545241805179
149	2639	3.6005068305984094
149	2671	3.747858274137629
149	2730	3.8008670879330873
149	3052	4.173404869436911
149	3189	3.821146905830062
149	3192	4.384411291325796
149	3254	3.282561750449416
149	3275	3.933582997745887
149	3396	4.190829270035859
149	3398	4.007872703093836
149	3452	3.3750342255845074
149	3535	2.950724286892392
149	3567	3.685099018191458
149	3623	2.7470375819425046
149	3625	3.939529792785016
149	3740	4.028796019489806
149	3744	3.3961390806550837
150	321	3.981678115156407
150	3949	4.39732459713187
151	1449	4.245672862687578
151	3598	3.4771612794003994
151	3823	3.766399529230096
151	3901	2.661916857844001
151	3950	3.525318619311278
169	1753	3.0969887277397143
169	2325	2.9693140784668537
169	2328	2.7548657016287645
169	3173	2.9739039681068045
169	3254	3.001413162233645
173	1	4.204685802801051
173	260	4.708991290674853
173	306	4.4060110857730335
173	307	4.26536982884526
173	308	4.178466764904689
173	314	4.091604549813145
173	428	4.028251180954314
173	907	4.0606819888120445
173	916	4.290034719163446
173	940	4.012947754961334
173	951	4.491408556104092
173	955	4.376348183499405
173	1069	4.013555420504278
173	1197	4.5164978835000085
173	1199	4.126026945947875
173	1201	4.298092751145743
173	1206	4.366626618283306
173	1208	4.441431082745723
173	1211	4.291979950275003
173	1217	4.457669465947331
173	1235	4.365616112316284
173	1253	4.350685743517951
173	1256	4.559194899514908
173	1259	4.216181094982135
173	1262	4.521709662992548
173	1283	4.32025225406942
173	1415	3.480098145270314
173	1584	3.6839794846574088
173	1639	3.9967516731681294
173	1699	3.717878383600997
173	1927	4.397146534291641
173	1938	4.156397089506323
173	1944	4.25393024720935
173	1945	4.487710186530108
173	2285	3.996575480427635
173	2310	3.8329222518195
173	2329	4.271527363299006
173	2351	4.373778036945054
173	2396	4.272811145483668
173	2440	3.638799626604094
173	2708	3.9116043168914105
173	2725	3.836795006679675
173	2932	4.212197668189775
173	2936	4.191332712431427
173	3010	3.676108685971911
173	3069	3.821252832745159
173	3075	4.129687514878745
173	3160	3.839843365189605
173	3196	4.410350952723015
173	3329	3.746510019527906
173	3350	3.9765338619858337
173	3365	4.175990355122058
173	3462	4.429963418274171
173	3627	3.628754032496145
173	3871	3.9998558746100144
180	3189	3.602542587117618
180	3298	3.422556263182228
180	3301	3.304862027490031
180	3317	3.9281422856073225
180	3328	3.798565127483295
180	3408	3.721328697968327
180	3481	3.833580607213658
180	3510	3.7704516483662993
180	3514	3.1171717538281016
180	3534	3.059023123870084
180	3571	3.398394074344852
180	3578	4.056115102714146
180	3618	3.3755297927123245
180	3751	3.821925287338415
180	3753	3.693697629779757
180	3785	2.952810783465821
180	3831	3.6894816671493817
183	1206	4.159956141748021
183	1293	4.282846065343609
183	1719	4.0938947367294
183	2770	3.315769102862546
183	3129	3.7782687156113512
183	3712	3.287172137261246
183	3827	3.4507005413956824
183	3911	4.248049293510613
192	1222	4.367327058086613
192	3897	4.009894823935183
195	223	4.304741523787761
195	300	4.286005247067324
195	426	3.543682702881312
195	435	3.1709848155109284
195	741	4.809964828348524
195	778	4.64323742446413
195	785	4.006477682029585
195	810	2.136090573541205
195	851	3.918579086110555
195	858	4.987959843508965
195	866	4.37640628873633
195	899	4.926356363848984
195	919	4.638245128240461
195	928	4.686574245676776
195	1017	4.165232115028197
195	1130	3.843317916332453
195	1132	4.707832257006994
195	1161	4.519679553429519
195	1204	5.008351569553215
195	1215	4.306988431889546
195	1221	5.007700278583941
195	1225	4.864440758416814
195	1261	3.885932561347881
195	1294	4.599704996636762
195	1321	4.07704418417772
195	1390	3.797179558847938
195	1503	2.8688830698384686
195	1517	4.272215246409756
195	1591	3.4854192879876145
195	1673	4.588337866493848
195	1676	3.889904110783805
195	1731	2.8561618940430167
195	1754	4.106493485493828
195	1779	3.243074584688922
195	1845	4.371130619988263
195	1862	2.660928763405028
195	1867	3.136020564567425
195	1909	4.096157276578306
195	1911	3.4931621769240797
195	1944	4.585801965182514
195	2026	3.1831274925160757
195	2097	4.128452071331089
195	2134	3.883036540885009
195	2273	4.097626193348212
195	2359	4.333776883049281
195	2391	4.13820742166762
195	2607	4.684936369076552
195	2609	4.538517398814822
195	2615	3.5481849056425774
195	2654	4.348595762130817
195	2683	3.805023040954068
195	2689	3.965245946698842
195	2762	4.704197546370426
195	2793	3.3941187693949466
195	3006	4.47051210292921
195	3054	2.7062120456525336
195	3156	3.5200677543426138
195	3266	3.990963857083173
195	3355	3.640960387609928
195	3358	4.117121634284707
195	3481	5.1378639658791165
195	3502	4.090696411346385
195	3608	3.898731528690752
195	3624	4.318813281111874
195	3704	3.8210953690606897
195	3753	4.086611026454972
195	3787	4.378456210141552
195	3816	4.290554681607003
195	3943	3.5171815712290457
201	1958	4.043382148144323
201	3408	4.29862160625146
201	3538	4.017652638827184
201	3720	3.9979547035586607
201	3897	4.701317720004213
201	3911	4.41017096104291
231	527	5.138727250043836
231	590	4.574192104429138
231	608	4.93459626320039
231	720	5.11047737220763
231	780	4.220573675866163
231	914	4.847521039060668
231	1028	4.608933557784615
231	1097	4.662080652347654
231	1136	5.004272221966812
231	1148	5.153184593971366
231	1193	4.979319162675792
231	1210	4.653808323194134
231	1212	5.078801576495383
231	1213	4.8809658089250805
231	1214	4.772097732673863
231	1270	4.750810246897314
231	1291	4.810162393941679
231	1320	3.688151834630845
231	1333	4.5245491631838926
231	1387	4.745547619510448
231	2160	4.483912111103088
231	2288	4.402298811068865
231	2640	4.2235581807060125
231	2723	3.6931917972685984
231	2858	4.920053551146891
231	2916	4.408814847643382
231	2985	4.204400507668155
231	3468	4.889572510477357
231	3527	4.317091323265024
235	157	3.092792289716692
235	272	4.075151688244556
235	581	4.343176900725081
235	1090	4.175459140940153
235	1449	4.505673749740717
235	2729	4.148205352769806
235	3396	4.16978135145546
237	349	3.5820710585451843
237	1387	4.134794034781734
237	1777	3.2092436804855584
237	3897	4.115992903719307
237	3911	4.077041088107163
239	72	3.6573743636694815
239	110	4.368114189094543
239	745	4.598178435192949
239	1090	4.1003638157552365
239	1196	4.786957868997762
239	1242	4.228736595410838
239	1263	4.2245378973964
239	1299	4.384013414994141
239	1960	4.068067798834327
239	2427	3.64988801590866
239	2890	3.952847056605565
239	3481	4.029489015865903
239	3911	4.256326721647253
271	34	4.080305337476786
271	60	3.749907257661967
271	158	3.6230844558019033
271	160	2.763941702712649
271	172	3.2203650503410373
271	173	2.812658344212009
271	180	4.098132347037958
271	186	3.4331977381725687
271	208	3.2510063731570336
271	223	4.550722573443571
271	239	3.555614187341139
271	258	3.020815050108
271	377	4.001491711452718
271	455	3.2921448607939787
271	585	3.405251098031364
271	688	2.9202952784228158
271	711	3.262107036526554
271	784	3.206902128713341
271	786	3.592331498443153
271	1023	4.378510781278929
271	1024	3.803360828207388
271	1405	3.432899368120136
271	1513	3.521594041117213
271	1562	2.7621114833496296
271	1591	3.144886132103165
271	1639	4.277730143399821
271	1645	4.02211726205919
271	1681	2.724325273439409
271	1688	4.0855690104142175
271	1747	3.977209000972872
271	1779	3.2787306065358344
271	2134	3.987077214696817
271	2135	3.780754765894745
271	2167	4.0689306541420365
271	2294	3.9618859474492334
271	2335	3.450431964198245
271	2641	3.604383937207779
271	2692	4.798709009227622
271	2706	3.918449387015596
271	2772	3.549805060096017
271	2881	3.60380684197643
271	2959	4.471494259872952
271	3052	4.487539356683801
271	3481	4.077290667460344
271	3698	3.666003785008947
271	3702	4.240066234292194
271	3703	4.103002443166805
271	3897	4.867367755938495
293	194	3.2863141262931217
293	253	3.347259979534795
293	908	4.237147262842407
293	913	4.062739903623384
293	1208	4.383307927707841
293	1244	3.829787057930928
293	1247	4.437298569966062
293	1254	3.948379211228217
293	1743	3.551807196682032
293	2502	3.119417131449236
293	2571	3.617541859472693
293	2762	4.712444506516197
293	3317	3.7360377460118097
293	3318	2.982687003665089
293	3355	2.484225726561871
293	3753	2.425094627800528
293	3825	2.4052856714154665
293	3916	3.5136673520780093
299	296	4.608699500702506
299	541	4.35197397174507
299	919	4.361085209121129
299	928	4.328978525989915
299	1080	4.274316928888628
299	1136	4.561746542661658
299	1172	4.479687202409946
299	1204	4.620203229333787
299	1207	4.7331076968713335
299	1225	4.426511557235794
299	1233	4.563394052534298
299	1240	4.394203678044844
299	1247	4.490990902672859
299	1259	4.374335259428452
299	1276	4.489065052964871
299	1358	4.40396281221537
299	1387	4.447176694425515
299	1719	4.1554403983494135
299	2728	4.184198669997344
299	3469	4.475862469557497
306	1378	3.908353525246237
308	1	4.026464898022827
308	2	3.028764486819066
308	3	2.8128568532501204
308	10	3.303174339353499
308	11	3.5420676838374874
308	16	3.520791494952481
308	17	3.816437347280919
308	21	3.5863016237385854
308	25	3.588892453392776
308	29	3.874276447660239
308	32	3.9013173366309775
308	36	3.861722316371732
308	42	2.566018433036948
308	45	3.205884909836574
308	47	3.961134471020274
308	50	4.271255983995124
308	52	3.377224396212207
308	70	2.7634841485536223
308	95	2.6533471496147
308	101	3.6040548863143376
308	104	3.286157851046301
308	107	2.863492272751344
308	145	3.034175468316332
308	153	2.574004741797147
308	156	3.216198636003154
308	162	3.954617262405233
308	165	3.3856340649470105
308	175	3.253800097320296
308	194	3.5522500418723517
308	215	3.593896793633326
308	216	3.068073963821704
308	230	3.319952861880905
308	231	2.983977803269529
308	235	3.7747394154523017
308	246	4.092445014813835
308	272	3.4841605019410165
308	281	3.4246136408014376
308	293	3.987396538169526
308	296	4.4402392067691
308	300	3.623014252702275
308	303	2.7341896767603577
308	306	4.021014342090346
308	307	3.8912263405612113
308	317	3.012693150044361
308	318	4.4130990383674655
308	319	3.701281034659609
308	322	3.4673108368109364
308	325	2.4328647225702174
308	327	2.3758983371691773
308	329	3.120209066955283
308	333	3.415759827150993
308	342	3.473597009143492
308	348	3.571279010874444
308	349	3.491953517525848
308	353	3.2936944857482158
308	355	2.22837742941032
308	356	3.830818467043214
308	357	3.4926131072554045
308	364	3.796079034502093
308	367	2.897614482554746
308	379	2.661481779202512
308	380	3.421037696721403
308	382	2.809529614092722
308	410	2.665911789733108
308	417	3.2125927338615825
308	419	2.045733736739737
308	420	2.354086922102025
308	423	2.9062877255004134
308	429	2.295252725117862
308	432	2.399549288355137
308	440	3.646906275142919
308	441	3.543554627879302
308	442	2.862705904194975
308	445	2.514571761897789
308	448	3.4487768650082544
308	449	3.399760792076944
308	450	3.052574336749327
308	454	3.3549674858756893
308	455	2.535474645440904
308	457	3.9245469797448505
308	475	3.733146546237889
308	480	3.632570146209618
308	491	3.0905076201045887
308	508	3.758776023188063
308	514	3.310488990492052
308	515	3.772093469825164
308	527	4.350538264668024
308	529	3.8637220918842847
308	531	3.678316165205373
308	537	2.9559257135136274
308	539	3.639079762617538
308	546	1.948070642868951
308	549	3.6679284364365032
308	552	3.0923905681273016
308	553	3.607793494931777
308	585	2.884185406179083
308	587	3.3801678272074995
308	588	3.635796856696997
308	589	4.14452050725493
308	590	3.7894366597871096
308	593	4.2410426041904135
308	595	3.7834508626076695
308	627	3.483320195831695
308	647	3.328765263383489
308	691	2.8829575377038656
308	736	3.0467076052534128
308	737	1.8177542280054653
308	760	3.3531699992456017
308	778	3.673295435086814
308	829	2.3491923437851727
308	869	3.033555253595977
308	880	2.020816637016128
308	999	3.013636601526255
308	1020	3.052184817068903
308	1022	3.577961562100773
308	1029	3.4607357137135737
308	1037	2.309577044132689
308	1047	3.179712526201158
308	1059	3.191802172090174
308	1089	4.053935625870251
308	1092	3.3030713355784997
308	1213	4.292493751561805
308	1233	4.209229829551653
308	1265	3.8051541021424646
308	1266	3.970588004311644
308	1268	3.2880657535888407
308	1271	3.641179016511105
308	1288	4.066249525995008
308	1292	3.701710790501864
308	1320	2.7740944893352406
308	1343	3.477141007611106
308	1356	3.538576344149048
308	1370	3.296651126257644
308	1372	3.1545152736309388
308	1377	2.8789370925413578
308	1391	2.9109271072176446
308	1393	3.5994638780190464
308	1396	3.38411817606815
308	1407	3.3474175603292804
308	1408	3.5355316773052268
308	1409	2.7771689260127967
308	1411	3.702800456354149
308	1445	2.0041546133758
308	1449	3.9993669227987
308	1457	3.0627037423615278
308	1461	2.425471239485053
308	1479	2.8255451503300657
308	1485	3.204581319692447
308	1500	3.625397929168088
308	1517	3.3628525038437607
308	1527	3.361822183323228
308	1537	3.898009616052242
308	1552	3.018189441402599
308	1573	3.2339282607809627
308	1589	3.1868847071976703
308	1608	3.329445831459303
308	1617	4.201350082920746
308	1625	3.70521796326677
308	1645	3.0390449678987985
308	1653	3.7222991609176623
308	1673	3.676029571351581
308	1676	2.9819882829851183
308	1682	3.7681415563148097
308	1704	3.824199707731656
308	1707	1.90966374671866
308	1717	2.7458421959665293
308	1719	3.849972420497046
308	1721	3.549158303657429
308	1722	3.0740028156409767
308	1747	3.280354814786535
308	1748	3.686471375817073
308	1777	3.3495264506082325
308	1784	3.674472842461455
308	1799	3.1690214707074773
308	1805	3.245107512739398
308	1883	3.202214683779652
308	1885	3.506812313185776
308	1889	3.546365026870826
308	1912	3.725786510843934
308	1916	3.3802259705990942
308	1918	2.9712154733962137
308	1923	3.704017738348028
308	1992	1.994928667974854
308	2002	3.0168529477727333
308	2023	3.100849756196008
308	2028	3.8476598152565673
308	2082	2.705901377670542
308	2083	3.509289322635405
308	2087	3.4509383942617435
308	2094	3.021619313570909
308	2102	3.225298220991233
308	2106	3.098359412975604
308	2112	3.397973472300614
308	2124	2.955768312491166
308	2155	3.136835968091789
308	2169	2.479799931343889
308	2268	3.745451850919754
308	2273	3.217007462186718
308	2278	3.237004137786143
308	2289	3.855393868147687
308	2291	3.78611555910885
308	2302	3.621598662745116
308	2318	3.755674221723989
308	2323	3.7019546182823824
308	2324	3.9862128183085423
308	2325	2.934660560034219
308	2330	4.041264146659675
308	2359	3.612484156163065
308	2391	3.6145200308545617
308	2392	2.05328742050333
308	2395	3.600565702000078
308	2396	4.1006668869894805
308	2412	1.9742287575342816
308	2424	3.2326842702563816
308	2425	3.2868348794558084
308	2427	3.185126021230731
308	2447	2.8936591850734974
308	2490	3.2448459471266
308	2504	2.609597801013158
308	2539	3.145535767995145
308	2571	4.028277549217275
308	2575	3.824043883905811
308	2580	3.534714606820625
308	2599	3.6500261740954527
308	2605	2.934246299414806
308	2616	2.6014642702809563
308	2628	3.35994955223368
308	2630	3.272404069884134
308	2671	3.395381310038029
308	2683	3.0067543361456357
308	2692	4.047807226861906
308	2699	2.662786904614993
308	2700	3.160379871509367
308	2709	2.9943451956032687
308	2712	2.982492501014553
308	2761	3.8565636394092064
308	2762	4.312251375796327
308	2803	3.109559069372516
308	2817	1.5580611774569797
308	2822	2.8241277435113474
308	2890	3.5613382404907843
308	2912	3.559449317726006
308	2916	3.4554298857065864
308	2953	2.3783942246639493
308	2959	3.627537818554222
308	2976	2.890445756083914
308	2986	2.071982848923732
308	2997	3.643021139034927
308	3000	3.9486356964176994
308	3006	3.8106569664840952
308	3007	3.899143830518832
308	3020	3.3552557845534614
308	3063	2.6385950186380223
308	3081	3.29295865547975
308	3082	3.069512428328328
308	3083	3.896048007267456
308	3100	3.473972392300271
308	3105	3.66948713396524
308	3107	3.3138876730206546
308	3108	3.696375393675656
308	3114	3.9656591928520126
308	3129	3.517762154879112
308	3148	3.820072575832697
308	3160	3.594160382423861
308	3176	3.190437901258892
308	3178	3.620955092277918
308	3208	2.6484288140530614
308	3219	3.0675314041006296
308	3249	2.8285234544504934
308	3253	3.394515646072238
308	3255	3.7338943484554057
308	3261	3.27898034040492
308	3262	2.6529789479327794
308	3266	3.344803682584008
308	3386	3.706842471977215
308	3418	3.517643946303572
308	3438	2.555550577084696
308	3450	3.0531878782086834
308	3476	3.3457094092143804
308	3544	2.9730434473405456
308	3545	3.661101948325935
308	3614	3.0206390954481503
308	3663	1.8460587974631184
308	3664	1.8781504282384327
308	3665	2.230467047913048
308	3723	3.4940443811653354
308	3764	2.616016438593906
308	3809	3.2395908836084675
308	3827	3.041081927249268
308	3835	2.4126943966341154
308	3869	2.889952636237395
308	3919	2.0887706442098626
319	1206	3.7369582208539303
319	1258	3.640977492251444
319	2346	3.057708386770569
319	2639	2.852942970867882
319	3513	3.027403052565142
319	3751	3.612015351495432
319	3861	2.7537352205676218
329	272	3.159419711335788
329	370	2.250786732649968
329	1643	3.025826983897298
329	2112	3.0096211616393616
329	2790	2.332915303864189
329	3204	2.835458562796864
329	3649	2.507937775096136
329	3717	2.6647175505007583
329	3841	2.0923697577268587
329	3882	2.651684357375899
329	3911	3.232655600173601
329	3914	2.94376224645365
331	36	4.345514388883097
331	198	3.487279836454204
331	246	4.569060430111612
331	247	4.164777381194323
331	259	3.078682161206582
331	290	4.15239407700726
331	300	4.23914565202807
331	322	3.741613976970532
331	335	3.809559452302184
331	412	3.766915539052129
331	422	3.354927324961893
331	431	3.961312477707697
331	448	3.835693013423036
331	481	3.5633705374407985
331	483	4.0044694575652295
331	521	3.6442221409439823
331	592	3.857545591785008
331	627	3.759146682787348
331	707	3.16071704432236
331	997	3.510509062251127
331	999	3.3907635004481627
331	1036	4.27644004939468
331	1053	3.0669549783548704
331	1079	4.54533719809108
331	1088	3.293393335852011
331	1101	3.633220544755822
331	1120	3.995964907658065
331	1172	4.602513756435996
331	1187	3.9889273113684016
331	1198	4.847895099437711
331	1200	4.144846173803792
331	1210	4.6729661441399895
331	1211	4.360610643111393
331	1231	4.371921723605421
331	1240	4.025093400161726
331	1245	4.214203684586303
331	1258	4.116813264128267
331	1266	4.194319721932708
331	1290	3.713957092683489
331	1291	4.149683312357652
331	1302	4.122018490953663
331	1307	4.302083719431584
331	1352	3.136682481125936
331	1394	4.406498975763863
331	1396	3.7442560647795338
331	1601	2.883392073241981
331	1647	3.175657335147544
331	1733	3.353422942590525
331	1921	4.085341325240733
331	1958	3.9921884541609742
331	1961	4.535155986423962
331	1994	3.776721410881318
331	2100	3.600347938415782
331	2145	3.5839942187587384
331	2146	3.442651659362776
331	2194	3.980769414511105
331	2243	4.146041719701493
331	2259	3.035284023025509
331	2267	3.1856383413303626
331	2280	3.552590187172095
331	2281	3.509900655274809
331	2293	3.507611929372263
331	2349	3.890391194624159
331	2369	3.3748009808433417
331	2406	3.759702901993455
331	2423	3.629273658009685
331	2425	3.732140531784488
331	2561	3.286247691391764
331	2583	3.8415472952347143
331	2607	4.385339240236623
331	2624	4.338206321077067
331	2676	3.140451541866341
331	2682	4.245197946021127
331	2716	3.790801900358704
331	2722	3.117657198800882
331	2769	3.500476666906821
331	2791	4.312159840431388
331	2844	3.5620083547940253
331	2912	3.93378392519188
331	2915	3.906897986921332
331	2917	4.304396703771727
331	2918	4.027778056229551
331	2942	3.2944035054813345
331	2966	4.285926695481304
331	2973	4.353652646206664
331	2985	4.051842460971063
331	3005	3.305879724337363
331	3055	3.703546875636147
331	3060	4.096146903961136
331	3071	3.9571517430373
331	3072	4.099875062211755
331	3101	4.093449206857806
331	3102	3.847379163320046
331	3104	4.107058897682821
331	3128	3.623065425806004
331	3175	4.2777902927372216
331	3183	3.933509926900884
331	3210	3.783419958448564
331	3298	3.687369793246882
331	3318	3.507086173892098
331	3355	3.2647990781994136
331	3361	4.112195456635958
331	3457	3.444890214380373
331	3505	4.043552721814297
331	3518	3.147530254397241
331	3527	3.905817060928975
331	3534	3.1323796319741395
331	3547	3.92272996742981
331	3552	3.6510033466852234
331	3566	3.6177951484254094
331	3623	3.2903549247098938
331	3649	3.2810795187378194
331	3683	4.51163077747664
331	3684	3.5700983161876843
331	3706	3.800421766001062
331	3747	3.9401624324115048
331	3751	4.619875609003313
331	3827	3.4946523944578067
331	3835	2.71304150974561
331	3868	4.264194227568029
331	3911	4.557837874894844
331	3946	2.4416906914617718
331	3952	3.967460743444652
333	1	3.829227551187392
333	34	3.5723780776637324
333	39	3.276311711136404
333	52	3.2120176856754923
333	62	3.3226579909620457
333	107	2.6914898344241758
333	150	3.684838769141343
333	232	3.73591758408288
333	235	3.3812004922436505
333	272	3.313419080118676
333	300	3.407993304593585
333	337	3.571646751872391
333	346	3.185520581097708
333	364	3.52660022472286
333	367	2.9360366052040447
333	412	3.220592202615211
333	441	3.3755009067347927
333	497	3.605732465794524
333	508	3.5891610596170875
333	515	3.612954205605844
333	538	3.536509324260068
333	551	3.336980734551781
333	588	3.4667219113022485
333	592	3.293647752855445
333	594	3.4344301653405838
333	595	3.58653011150464
333	668	3.934013449275141
333	898	3.884973986213793
333	899	3.926900552677417
333	900	3.389581476399409
333	901	3.2817176004305018
333	904	4.084465617700939
333	905	3.8693981214851454
333	907	3.525961209774109
333	909	3.704472008887472
333	910	3.8659183799159615
333	911	3.7478442519058266
333	912	4.0228832576496725
333	914	3.823516872475533
333	915	3.675297963413104
333	916	3.798574057599173
333	918	3.414706663181268
333	919	3.8291665305816047
333	923	4.013406326299751
333	924	3.6687137012128086
333	926	3.875911090018454
333	934	3.27877646462248
333	935	3.377577675774871
333	945	3.803384184854625
333	947	3.6725760073001217
333	948	3.340837357647561
333	952	3.2322204087484225
333	953	3.9304724941228377
333	954	3.9084026925563418
333	955	3.7974739157801807
333	956	3.3310115714741166
333	982	3.214895788309632
333	1024	2.9142349612557568
333	1035	3.5159911906835344
333	1057	3.239310968411027
333	1067	3.0445375190488457
333	1073	3.493650371091221
333	1077	3.5353484767292067
333	1080	3.6550742443219737
333	1081	3.1854656597607622
333	1083	3.181787257978318
333	1085	3.321863011455717
333	1097	3.57478399598191
333	1103	3.5618607021920043
333	1136	3.889573298026609
333	1148	4.105658529441656
333	1172	3.9186092919304367
333	1186	3.2804295539165262
333	1193	4.013142569551229
333	1196	3.766157201477012
333	1197	3.881697550250762
333	1207	4.077118089837471
333	1220	3.438075859822008
333	1223	3.961324036669783
333	1225	3.869547855943651
333	1226	3.693352110900367
333	1228	3.87815433209938
333	1230	3.853068330394896
333	1235	3.776767892315231
333	1238	3.5910897794076835
333	1244	3.714266588852988
333	1246	3.640088068987711
333	1247	3.884992654244236
333	1250	4.046714715329389
333	1253	3.824655543882249
333	1259	3.7010164604653855
333	1265	3.516339961300133
333	1270	3.638437863462999
333	1281	3.438481959407983
333	1282	3.4058335108994533
333	1287	3.790582122892993
333	1288	3.877721402164563
333	1292	3.5791433029465067
333	1294	3.755657336428302
333	1300	3.724362681230681
333	1302	3.5385756559630006
333	1357	3.472947083532512
333	1380	3.181481170328371
333	1394	3.649762690504707
333	1449	3.789427133572103
333	1517	3.405511637816569
333	1542	3.211881084107876
333	1580	3.317262488110228
333	1641	3.4741818842567054
333	1643	3.5168129654424094
333	1678	3.5668695532578933
333	1721	3.222036207102976
333	1806	2.5897046152960552
333	1935	3.605020803184728
333	1937	3.315801803308528
333	1938	3.623332633455537
333	1939	3.7553334846647535
333	1942	3.689537362856944
333	1945	3.895760775587189
333	1946	3.680025247217148
333	1947	3.653060451291554
333	1954	3.5741458793910863
333	1956	3.6650469517128585
333	1968	3.552259850044311
333	2017	2.6917493408879927
333	2019	4.216912403320452
333	2064	3.647083551907161
333	2065	3.2841633216349826
333	2067	3.683831806152265
333	2069	3.405801094628973
333	2078	3.4384583448555524
333	2080	3.4687540421057825
333	2083	3.3600816753503246
333	2087	3.287338171894155
333	2088	2.254988351620918
333	2096	3.352373330178332
333	2102	3.055887427896778
333	2109	3.400235739809645
333	2110	2.8887470968454547
333	2130	3.460358016112464
333	2135	2.879473916772306
333	2136	2.780949652038145
333	2300	3.773065321780235
333	2303	3.5957539866343065
333	2313	3.684982252022215
333	2355	3.4898801570444404
333	2361	2.8813168037336325
333	2384	3.0909091589679063
333	2398	3.648935171817262
333	2400	2.673317992784259
333	2430	2.8717694883238494
333	2501	3.766055480729706
333	2565	3.577940295838002
333	2657	2.852822957066436
333	2671	3.338611741608702
333	2716	3.524708567545513
333	2728	3.606360517555565
333	2788	3.736713206076365
333	2791	3.545810524650258
333	2804	3.800441825681653
333	2857	3.3821529315135552
333	2863	3.616326794764739
333	2874	3.2541094578635814
333	2918	3.7517794911524014
333	2941	3.286521787523814
333	2946	3.3706624147515645
333	2971	3.4118194830136
333	2973	3.725047198249325
333	3011	3.334854407505324
333	3035	3.755705406118824
333	3037	3.586682610976053
333	3060	3.512364608273832
333	3061	3.4959186433930656
333	3072	3.3455944865853917
333	3088	3.74354332644926
333	3095	3.766726623814563
333	3096	3.4995036062754594
333	3098	3.452621419590974
333	3105	3.4624581546929254
333	3114	3.913027018844085
333	3133	3.300267411436138
333	3201	3.663535715152626
333	3244	3.3034842470134405
333	3296	3.529898611215387
333	3334	3.7083135132861953
333	3350	3.5064885220984343
333	3361	3.387070735681509
333	3362	3.615985463745161
333	3363	3.587896986265565
333	3397	3.3779504367740314
333	3398	3.2753245520356096
333	3424	3.574212926570595
333	3429	3.924831522572011
333	3451	3.460647643169558
333	3461	3.1965654148274822
333	3462	3.833719132145771
333	3471	3.593355564632718
333	3498	3.6250875574281234
333	3504	3.711119320491172
333	3516	3.380503030446876
333	3545	3.421549902734548
333	3546	3.391388363363061
333	3548	3.5285905210782884
333	3549	3.5019019639846225
333	3591	3.0255770058838
333	3604	3.3326680893427167
333	3622	3.343458798125321
333	3629	3.867800191144093
333	3671	3.5613510340770054
333	3675	3.5653010896292607
333	3678	3.43486550552396
333	3684	2.9541268957238365
333	3801	3.804368764136025
333	3813	3.0488431941514067
333	3814	3.625025928898229
333	3819	3.593090983560684
333	3870	3.333732868420203
333	3873	3.2548472995414155
333	3897	3.8856778516020527
333	3928	3.116519222806725
338	50	4.80670221340691
338	924	3.686247372385206
338	1206	3.971210247983621
338	1907	3.796851834172213
338	1965	3.704908821693665
338	2485	3.178820575814067
338	2640	3.995459593528246
338	2891	3.693791456892294
338	3512	3.908519785244552
338	3513	3.609212498415142
338	3784	3.591708445846391
338	3911	4.330184051833514
343	185	3.627824501955816
343	266	4.102648727934231
343	588	4.486986515699544
343	594	4.572929438259888
343	595	4.66753921534535
343	780	4.286537795390213
343	899	5.012834669890212
343	910	5.022491687705737
343	914	4.882789351577055
343	919	5.136451863693812
343	934	4.3711885693352
343	1022	4.571306197215861
343	1028	4.682909994156112
343	1136	5.043800406087008
343	1183	4.321396326407326
343	1196	5.00601125942033
343	1198	5.250237681172609
343	1210	4.58628355153918
343	1278	5.072058214271162
343	1356	4.50701205923983
343	1371	3.771255514702739
343	1688	4.253316986806015
343	1917	3.891641603193527
343	2046	4.1976188341791465
343	2081	4.525529593640812
343	2096	4.436259296027839
343	2336	4.764293174864815
343	2346	4.053100274925921
343	2394	4.259775405048489
343	2527	4.1466541197680415
343	3269	3.9962642716724233
343	3604	4.447440078754595
343	3825	3.560496304731491
343	3945	2.5112329631443377
355	1454	3.388190651531283
355	1754	3.331588038906125
355	2273	3.5657411844830493
392	529	4.057976591476101
392	1694	3.7900439750313617
392	2912	3.8790868904018496
392	3897	4.136082412943635
411	1	3.831837884662778
411	39	3.4735788718759504
411	345	3.4132667612343845
411	348	3.1468613742058262
411	551	3.672961666580613
411	912	3.89733476934115
411	933	3.7942762784535806
411	951	4.15453001165433
411	955	4.039771041530318
411	1256	3.969116928377318
411	1257	3.6118381694700896
411	1269	3.8512679591019383
411	1288	3.894706270742727
411	1449	3.742482662944495
411	1500	3.947078591642454
411	1641	3.748497974146768
411	1747	3.811650916561121
411	2108	3.6891069910604446
411	2248	3.6724175387381264
411	2750	3.3094740573656987
411	2889	3.029925219440959
411	3061	3.5367592155845737
411	3132	3.203600285366655
411	3210	3.249110853783457
411	3253	3.205809658695685
411	3317	3.803386388648224
411	3516	3.4557723990295117
411	3536	3.213272711386796
411	3599	3.240779637297553
411	3624	3.328664448782318
411	3794	3.073125919431692
411	3825	2.3143666658230733
411	3831	3.4646532372621754
411	3897	3.93891125320744
411	3948	3.4243247918937767
412	1103	4.631375150928411
412	3720	4.4126944193926265
412	3911	4.928007699215804
424	25	3.895408117525222
424	129	3.804063630448423
424	194	4.150744365756375
424	337	4.186967000818749
424	356	3.945388897784838
424	534	4.197598578603956
424	565	3.835851063553366
424	906	4.535549283896314
424	914	4.509587149153352
424	933	4.452196340438994
424	953	4.818116924961837
424	1060	4.39171748548218
424	1073	4.463470878920536
424	1203	4.738411893058446
424	1221	5.097965713095567
424	1259	4.333542662088709
424	1269	4.60658301037723
424	1294	4.703807308416126
424	1302	4.206076712940407
424	1388	3.0387420555630387
424	1517	4.0958079749593495
424	1590	2.885113398934629
424	1625	4.167493102844901
424	1968	4.172961374074846
424	2018	4.394729108742241
424	2137	4.310455022207121
424	2149	2.8118431449028782
424	2176	4.309024416711715
424	2202	4.359692875535516
424	2206	4.353972733914174
424	2212	4.225555952466521
424	2243	4.09881670136987
424	2259	3.218100952566995
424	2268	4.092081641752159
424	2313	4.536032831733101
424	2321	4.026708144279345
424	2329	4.5609795151521615
424	2398	4.453033005550442
424	2409	3.6506076373317247
424	2421	3.141763458577489
424	2422	2.543048806839186
424	2501	4.496030040846272
424	2642	2.7367091320719
424	2643	2.3356039279040446
424	2671	4.258085685044358
424	2791	4.232512022213163
424	2918	4.521779327999758
424	3039	4.197762456421809
424	3098	4.180678393163218
424	3100	4.005386245119087
424	3148	4.258800823837475
424	3198	4.484942815719438
424	3253	4.075395103486712
424	3254	3.1506971669814323
424	3360	4.345539661991688
424	3451	4.102778773891069
424	3468	4.704790213115057
424	3507	4.510888896375719
424	3525	3.4446571208410868
424	3608	4.053302989453624
424	3812	3.916508714112799
438	2692	4.734297723556897
438	2890	4.173448650328187
438	3163	3.8500719863480857
438	3852	3.981311623310342
442	58	4.403695224561497
442	69	4.111219523254482
442	132	2.675832442775784
442	151	3.8259710015254136
442	185	3.053170668923246
442	276	2.922877849536402
442	293	4.5581774149569165
442	312	2.9559785666971097
442	329	3.9770658017252543
442	342	4.084942212308103
442	364	3.690772078587745
442	480	3.826221607334941
442	500	3.574960093798857
442	543	3.881074713916591
442	610	3.74545449635394
442	697	2.9340632097898656
442	785	4.134274052832035
442	788	3.409620866115413
442	914	4.530670289828663
442	969	4.548715747190212
442	1030	3.3012954498734004
442	1035	4.363385777810203
442	1088	3.18592986698698
442	1101	3.7434729826827216
442	1171	4.102599661368684
442	1191	3.372246554645851
442	1205	3.714731806840749
442	1206	4.142573436788395
442	1210	4.61007207606128
442	1282	3.770995325833263
442	1298	4.00926709251348
442	1371	3.5012836791928827
442	1375	3.811687760107073
442	1380	3.969351122688613
442	1393	3.876820490706424
442	1425	3.6711427310328095
442	1441	3.635622689474935
442	1485	3.7392865598796905
442	1544	3.151955115362068
442	1545	4.375873101563857
442	1573	3.437953740423471
442	1629	3.250177948352185
442	1639	4.059489379229403
442	1680	4.083300574546433
442	1711	3.421215236670982
442	1721	3.7058753695344975
442	1777	3.8860700299656994
442	1797	4.34404046452472
442	1909	3.959595872993909
442	1914	4.152554372742824
442	1921	4.111038863926998
442	2021	3.638647139437762
442	2025	3.5737830443548733
442	2034	3.3553254848277763
442	2080	4.205053953847698
442	2105	3.8596859676897832
442	2108	4.0329355167818886
442	2145	3.573651936333899
442	2146	3.336520568686547
442	2249	3.6103720949032407
442	2282	3.943926092789672
442	2291	4.224192053680976
442	2297	3.422675238623756
442	2369	3.3464613353814974
442	2393	3.86612976582262
442	2431	3.4299153345828195
442	2450	2.367900732630825
442	2485	3.213487947676898
442	2529	4.257665365278004
442	2565	4.283536635979523
442	2628	3.911800110658457
442	2642	2.69537787930556
442	2657	3.1812718155353075
442	2699	3.4344724527212938
442	2723	3.46386646758542
442	2916	3.9791375454019735
442	3052	4.202061558293482
442	3257	3.098395069977664
442	3259	3.749570393396122
442	3479	3.842940589977936
442	3481	4.160016127329465
442	3699	3.7825656188120207
453	913	4.547476917202371
453	1084	4.256882660672068
453	1234	4.428095795070601
453	1254	4.42649397627667
453	1284	4.424150143559215
453	3007	4.103741219888543
462	1921	3.782013158311541
462	3146	2.8272195256542534
487	3911	3.7133345591107614
496	172	3.091326032398892
496	223	4.48840928496439
496	329	3.942099117285497
496	924	4.090526780795822
496	1208	4.606369881929759
496	1356	4.288235115951166
496	1371	3.555785401396555
496	1372	3.9492691939551072
496	1373	3.280001849814291
496	1374	4.266808261891551
496	1375	3.736733369960079
496	1376	4.128697879175893
496	1639	4.30058361194009
496	1907	4.158074483260837
496	2393	3.777908531538993
496	2683	4.035881401455994
496	3512	4.18125924960281
496	3618	3.8946239230494575
496	3624	4.201705219154915
496	3717	3.472806654884512
496	3751	4.439575424353412
496	3752	3.564257529330471
496	3785	3.5752381881977846
496	3864	3.214033482462644
528	1629	3.060291288452863
528	2762	4.379719085172343
528	3177	2.617554443488736
531	10	3.5654008589424766
531	12	2.248465489025617
531	22	3.459830942332468
531	44	2.4716025211290957
531	47	4.250517394791261
531	50	4.481077751768117
531	69	3.4491653111816403
531	87	2.25980031744357
531	95	2.550069212729139
531	144	2.9304562984260656
531	165	3.73518395529188
531	174	2.351989436527932
531	175	2.934534853705143
531	185	2.68254849596673
531	196	2.5242519647139865
531	200	2.768983589606388
531	203	2.7525297689584924
531	225	3.0832007596412314
531	234	2.138507878213123
531	260	3.804965632799975
531	288	2.9300920602852365
531	300	3.893712218740597
531	316	3.009762432390428
531	333	3.7236911195432776
531	344	3.7906667886790633
531	345	3.878465894680418
531	349	3.3164063562912656
531	360	2.619846226989695
531	366	2.937906985235291
531	374	2.3857862721959653
531	422	2.97581261469118
531	438	2.630688601928298
531	447	2.6847244189906645
531	457	4.2711610787782295
531	474	3.758575288738826
531	480	3.9449131728595006
531	481	3.3036885552335176
531	490	3.204430822036886
531	540	2.141677211633084
531	589	4.193594992334093
531	592	3.837129521149227
531	594	4.020090818447845
531	596	3.863695890911115
531	606	2.2346919208050746
531	628	3.578583806560869
531	662	2.7859216530416693
531	707	2.8531141664221416
531	733	3.995586774389057
531	742	2.229559282630378
531	780	3.1222317975835616
531	798	2.4696859824974893
531	804	2.8099646809207868
531	836	2.474863418802582
531	858	4.466273807276776
531	880	2.1751687550000094
531	908	4.497791448863482
531	912	4.348684122571755
531	917	3.6466945028831033
531	926	4.170535111825601
531	932	3.7449065151295993
531	938	3.778569832600051
531	986	3.2905249919718784
531	1003	2.889608466934029
531	1009	3.258577586531603
531	1013	3.7502489465864537
531	1017	3.5412311701796546
531	1036	3.9940681409877503
531	1042	3.2198398035728566
531	1047	3.4277131568518127
531	1049	2.8923869099317487
531	1086	3.865743967691548
531	1089	3.594945450128697
531	1099	4.031396591505059
531	1103	3.693813066124644
531	1104	4.064461638854341
531	1193	4.238463674920145
531	1196	3.7690208046086258
531	1198	3.7539361599848102
531	1203	4.222767425955523
531	1207	4.340521490820591
531	1219	3.952928796268981
531	1240	3.510143336321212
531	1246	4.134277193065405
531	1247	3.942180865727216
531	1258	4.012895615023131
531	1291	4.195224842017248
531	1333	3.889960933545594
531	1342	2.6767477008580047
531	1343	3.588298628457704
531	1347	3.350429906661472
531	1370	3.800325553450532
531	1387	3.673295566629301
531	1390	3.172313795861626
531	1391	2.6398302329146275
531	1431	2.374954748588031
531	1438	2.732228982050568
531	1466	3.3979204959727887
531	1499	1.971098956093025
531	1515	2.467075898940644
531	1544	2.795319878018841
531	1562	1.9634176833495267
531	1573	3.6598674859232014
531	1598	2.5577134890823494
531	1608	2.895403089044821
531	1610	3.4870283097644115
531	1615	3.4159859387446896
531	1629	2.767733701336092
531	1707	2.0546336174184225
531	1722	3.227763356234303
531	1779	2.5901249427819275
531	1792	2.78538174798969
531	1863	2.318595428451254
531	1911	2.5094768460762022
531	1917	3.1000700951117075
531	1921	3.5062846251435227
531	1955	3.8497212487646095
531	1959	3.640393584930595
531	1961	3.867243411631904
531	1969	2.237757540935813
531	1970	2.385797696272072
531	1971	2.123547985988869
531	1972	1.887350842295617
531	1973	1.9906671441603647
531	1982	3.797559588227129
531	1994	3.589867848212429
531	2018	3.928717139281003
531	2027	2.27128997519958
531	2052	2.743904012883044
531	2058	3.2003760991467445
531	2093	2.8391135630978863
531	2107	2.84876532379652
531	2115	3.6836450146031017
531	2120	2.6731173945081217
531	2122	2.2938211505716577
531	2137	3.793773917434334
531	2153	1.779077354140972
531	2154	2.760731091985431
531	2194	3.7212530180735848
531	2249	3.2930621203290094
531	2263	3.1706162995262805
531	2273	3.196133569821625
531	2279	2.821474722792451
531	2312	3.5637647398599834
531	2321	3.300393025136203
531	2334	2.9251355473690026
531	2353	3.070981637428299
531	2387	2.427418731371129
531	2389	2.315165534287271
531	2398	3.7954280537727847
531	2399	2.678850497251376
531	2420	3.441942853622796
531	2421	2.864560211708574
531	2422	2.159504647875249
531	2505	2.4369119340161043
531	2513	2.733944054742105
531	2539	3.3274479217665007
531	2546	2.7498695986712614
531	2551	2.9385442820309686
531	2555	1.5129081392352737
531	2571	4.597096484677567
531	2605	2.756629368540911
531	2616	2.769582133497463
531	2617	3.4314181661056464
531	2640	3.4852063365036536
531	2641	3.332234240584929
531	2642	2.633643533911173
531	2643	1.913423413105106
531	2707	3.178456131808383
531	2709	3.0203375985396206
531	2710	3.1407398866334097
531	2713	2.2524179193515077
531	2719	2.0374628402200425
531	2722	2.3515038433792896
531	2747	3.4177984488565976
531	2762	4.767812213740386
531	2763	3.7089472051344714
531	2770	3.0029672636984874
531	2803	3.071871871622766
531	2804	3.493453926245009
531	2805	2.8779419588537225
531	2826	2.5251169203521657
531	2835	2.622270692909446
531	2840	2.5157170291576656
531	2841	3.554229537506172
531	2881	2.962113654230578
531	2886	2.4634618452701744
531	2916	3.0722822185309173
531	2961	2.583131346461796
531	3005	3.053190257846465
531	3052	3.640652383924316
531	3063	2.8719405239135365
531	3082	3.197764999265779
531	3101	3.72831385577425
531	3102	3.497955853597914
531	3107	3.152185058318961
531	3194	3.0760145930710854
531	3203	3.420455659102884
531	3249	3.044921883282039
531	3256	3.415037058428963
531	3274	2.913252937735176
531	3396	3.754144835111671
531	3480	3.62118873275353
531	3502	3.5325394847891523
531	3507	3.875352767078408
531	3557	2.6291221785139505
531	3591	3.2470650975065336
531	3616	2.538570097392461
531	3668	3.759776340509814
531	3686	3.0168407449951298
531	3791	2.9714953906563597
531	3812	3.324194244234963
531	3835	2.476159309372805
531	3844	3.535508573484502
549	2671	3.012232755347433
549	2763	4.0313906380307705
549	3189	3.862613985318904
549	3300	3.019234669709324
549	3324	3.3219103347126664
549	3536	4.315980524698108
549	3617	3.813416216423609
549	3717	2.966081280752189
549	3744	3.4760944730907704
549	3785	3.948486981380968
549	3820	2.169136391014777
549	3825	3.0269068917132507
587	358	2.468739555535799
587	1278	3.997161256027292
587	1596	3.0742840102566777
587	2599	2.8889292497826187
588	921	4.000406930374862
588	1449	4.257266042709492
588	1694	3.982921276571636
588	2920	4.145988753852737
593	2774	3.3719323096264278
593	3481	3.789057197222584
593	3751	3.91684039856401
624	82	3.630253777723536
624	457	4.183505709457334
624	509	3.5429572575216257
624	848	3.182267922038939
624	858	4.11143560300454
624	954	4.205305251823778
624	1221	4.124324933301874
624	1860	3.621042734551419
624	1921	3.5699417781292664
624	2245	3.358817816828536
624	2571	4.011500002870588
624	2706	3.5970879021580178
624	2918	4.244974698177797
624	3062	3.715146969947343
624	3125	3.3558796506507877
624	3681	3.853274996011696
624	3852	3.5021787290845903
624	3949	4.013687712257423
624	3950	3.265086611395655
648	3911	4.240197988865839
667	2770	3.2124731636122243
667	2979	2.6580041223599413
667	3004	2.5641610648751216
667	3316	2.77303844141542
667	3409	3.3411677364913173
667	3452	3.15749329476456
667	3510	3.75953000340022
667	3623	3.380621970440006
667	3624	3.5816622206723725
667	3717	2.981068036017546
667	3857	2.9168260622436497
667	3879	2.7074022480429885
667	3949	4.279314936857369
678	29	4.324931692167597
678	942	4.398888848157411
678	982	3.863160989287848
678	1167	3.265131294567852
678	1287	4.412849005991048
678	2612	4.421687319966135
678	3300	3.770803524894813
678	3301	3.5859376329283386
678	3546	4.143057123754874
678	3555	3.572679341181267
678	3784	3.6688512869191214
678	3785	3.104670495035077
678	3949	4.625531962731948
691	1982	3.927934901213761
691	3578	4.185289918430871
692	265	4.198542966749999
692	562	4.162916759126113
692	1449	4.558488418430535
692	2530	3.1624926418003207
696	1060	3.798731912343568
696	2502	3.786018429176083
696	2683	3.586676125483561
696	2770	3.3019796382942395
710	928	4.203411293993986
710	1218	4.373537892382589
710	2185	3.864156237150408
710	2201	3.658415043590655
710	2206	3.9670855639718927
710	2529	4.336875263909887
710	2530	2.941264110402994
710	2531	2.84128740832515
710	2532	3.024617984348128
710	2533	3.199561599572365
710	3000	4.282192301527719
710	3254	2.996947123637754
710	3827	3.520798910199393
721	62	3.957232537767718
721	908	4.566071006412994
721	910	4.534298187642092
721	922	4.625120231455887
721	928	4.282185546638655
721	953	4.551731061733579
721	1012	3.9644750560957376
721	1090	3.854625774663865
721	1104	4.3030245507521245
721	1173	3.632221512699944
721	1193	4.398279379523027
721	1203	4.217686765313211
721	1207	4.392175894401404
721	1231	4.3826762799576215
721	1234	4.285576992157118
721	1250	4.569837617347421
721	1262	4.405176150325525
721	1272	4.281421302574112
721	1288	4.433671325442589
721	1340	4.232419105242456
721	1957	3.862899446885239
721	1963	4.227564288851529
721	2019	4.7497518636430325
721	2097	3.4724767903583733
721	2300	4.214493452878606
721	2398	4.189065604570686
721	2470	3.888037880310832
721	2471	3.0112544994509465
721	2539	3.4692998702700413
721	2664	4.2686611402130215
721	2728	4.142191750810624
721	3089	4.603711121149953
721	3095	4.327223086259896
721	3111	3.9492307635369976
721	3128	3.542191193518452
721	3198	4.291691177695336
721	3225	2.9742658913727813
721	3250	3.65493721438864
721	3273	3.082148715228086
721	3299	2.6929664011764505
721	3301	3.595331528445383
721	3316	2.9814082713756487
721	3325	2.601068972421596
721	3341	4.21072086907694
721	3435	4.676846599302706
721	3453	2.8449651924362533
721	3454	3.035831601316225
721	3468	4.382972007562575
721	3483	3.3379605176047464
721	3498	4.164883511824402
721	3564	2.3016574972004267
721	3579	2.88033569878794
721	3590	3.139307470254312
721	3615	3.324088272149265
721	3743	2.9510320482915104
721	3754	2.6364242349212863
721	3797	2.7160323764703795
721	3831	3.855633880090432
721	3882	3.6364985768682496
721	3912	2.7243720376891782
727	2112	3.366719272495214
727	2312	3.7128822709789553
727	2499	3.656193852268643
727	2858	3.825341474686281
727	2908	3.8843133695550742
727	3359	4.04272840127997
727	3911	3.992362337828931
737	223	3.643574181867901
737	1203	4.158536887016239
737	3052	3.647977789250079
749	34	3.89618250808386
749	147	2.914257736459361
749	288	3.0316769116875864
749	529	3.7063603584485314
749	849	2.5575873984078017
749	926	3.958905554523864
749	953	4.201560806128603
749	1018	3.060763684139707
749	1124	3.714253103691652
749	1247	3.7971299301116623
749	1428	2.889012209539476
749	1689	2.5967568242194234
749	1873	3.7338751840469575
749	1970	2.488827307636398
749	2183	3.740845451231324
749	2346	3.1604503978516787
749	2527	2.945597300409795
749	2530	2.9454742051806244
749	2531	2.714489222345104
749	2532	2.84992850608747
749	2533	3.261676513492197
749	2551	3.078631788349929
749	2787	2.6146781853182106
749	2856	2.622243973865331
749	2890	3.4887508352382333
749	2985	2.926444165106076
749	3098	3.515204025751784
749	3101	3.791308137027331
749	3196	4.056274019034608
749	3203	3.5279788723581813
749	3296	3.776576238352203
749	3498	3.8285274428296674
749	3505	3.7292104990906494
749	3598	3.112038800361717
749	3714	3.1877687076096226
749	3755	3.019053739626969
749	3916	3.778289961988074
752	70	2.8578053230058025
752	72	2.927155511197874
752	206	2.855644697986435
752	314	3.656949825552216
752	367	2.1686877259035087
752	383	2.452389601205029
752	431	3.135225696170161
752	434	2.470705286826258
752	457	3.5308206187441256
752	494	2.593356226843235
752	785	3.421977145958315
752	803	3.1660158564980625
752	818	2.295988572832142
752	877	2.711667718052213
752	1037	1.2565662174119456
752	1042	3.107885281083953
752	1047	2.9288573331341583
752	1081	3.1281860733976865
752	1090	2.74987847009537
752	1119	2.730023414648337
752	1200	3.1571556523159066
752	1466	3.127298408523345
752	1503	1.564471849012645
752	1585	2.7309083093452657
752	1597	2.2655169333349425
752	1654	2.2852214628513927
752	1682	3.9284899588025457
752	1779	2.2018445269327493
752	1801	2.297959762334928
752	2072	2.197079579017831
752	2133	2.7802946993440107
752	2141	2.4600953430692343
752	2248	3.489540412347868
752	2375	2.36632461143506
752	2424	2.336159284997462
752	2471	2.454471586000321
752	2473	2.013618575855554
752	2476	2.363274968687901
752	2525	1.4857646678727552
752	2642	1.6466222090341327
752	2683	3.1360982750099597
752	2716	3.0700035408375945
752	2720	1.498519194912295
752	2773	3.1028904912052058
752	2826	2.034775374958318
752	2915	2.4522540954778003
752	2985	2.489527193509512
752	2990	2.5056475377211025
752	3127	2.696385337471356
752	3175	3.757009090825855
752	3186	3.1470522924259736
752	3247	2.590093028713004
752	3289	3.2330502398089904
752	3301	2.304650327832801
752	3317	3.549927812958728
752	3319	2.6280706399311584
752	3394	1.9457618859606496
752	3408	3.289204128901859
752	3410	3.142534481744944
752	3450	3.3179118006165327
752	3457	1.9498799061577887
752	3477	2.354992071715205
752	3515	2.8906845266000287
752	3524	2.6462114571756445
752	3568	2.8653893293987425
752	3593	0.8877070899327865
752	3616	1.7264751157610252
752	3747	3.0659141896877715
752	3752	2.343497828667381
752	3755	2.395415181001717
752	3766	1.813756794559188
752	3826	1.4601937698102192
752	3886	2.29820821371616
752	3897	3.9826926605104114
755	1	4.369940289362214
755	17	4.241074891014904
755	25	3.899090022764265
755	34	4.146703312378374
755	50	4.748712445966481
755	110	4.479102397623932
755	150	4.311384941318038
755	154	4.0536507168212434
755	260	4.810655788252958
755	296	4.528604546782832
755	300	4.001092970858282
755	318	4.775709182839472
755	348	3.928500590216943
755	497	4.236900960160477
755	527	4.767394952277387
755	538	4.141029017099404
755	541	4.442893804941999
755	589	4.30376592601571
755	593	4.592566654874888
755	608	4.50830081303828
755	858	4.711696255063443
755	904	4.678846174508014
755	912	4.6419689924208685
755	913	4.622939064844267
755	915	4.287600821749356
755	919	4.505566427377912
755	922	4.699902161033592
755	923	4.618193217791627
755	924	4.304944181041838
755	953	4.549403646571246
755	969	4.492452483468515
755	994	4.297333938080005
755	1041	4.271794535772942
755	1044	3.559274768124404
755	1086	4.325028284252598
755	1089	4.384907637355023
755	1090	4.28910174718196
755	1097	4.265532973620317
755	1104	4.4101671039199895
755	1172	4.52265190926619
755	1183	3.821931188280761
755	1193	4.57743470830988
755	1197	4.524833438182415
755	1198	4.801390350969292
755	1200	4.398215344351996
755	1210	4.382631396881235
755	1213	4.517555536186986
755	1219	4.507927026007142
755	1220	4.117872107373564
755	1225	4.481668741965744
755	1231	4.36308159204624
755	1233	4.595272281919873
755	1240	4.424950724669424
755	1242	4.473001083983888
755	1244	4.306667967298438
755	1265	4.2173577160886
755	1270	4.296916944548181
755	1272	4.529013383534106
755	1276	4.503238226813872
755	1278	4.553155324094417
755	1291	4.377106828429965
755	1293	4.425315684493622
755	1302	4.176702805441865
755	1307	4.319271760361228
755	1358	4.389758412722786
755	1387	4.393492508142057
755	1411	4.16304201938306
755	1446	4.274537437344638
755	1517	4.014732603605924
755	1584	4.01720784278428
755	1610	4.328730981405318
755	1617	4.451317571585073
755	1673	3.9952354560632033
755	1674	4.251130650962673
755	1682	4.123286259098723
755	1683	4.016644502290035
755	1704	4.41650750098735
755	1730	3.880972944173121
755	1784	4.177119697101573
755	1794	3.6467018457870313
755	1834	4.223056039970984
755	1954	4.230997625847818
755	1960	4.204652358651013
755	1961	4.318946015522022
755	1962	4.104913995677496
755	2000	4.142972311295907
755	2006	3.7733585893597192
755	2020	4.235100401131676
755	2028	4.566095460490335
755	2268	4.202438383448864
755	2324	4.568207901395941
755	2336	4.235427945821638
755	2396	4.363012947290602
755	2571	4.563554990135615
755	2599	4.189921687479847
755	2686	4.177051376005609
755	2716	4.167737922309977
755	2728	4.21085288076977
755	2762	4.6535489221190485
755	2858	4.518387226605613
755	2871	4.172896366664822
755	2890	4.054368867507863
755	2918	4.357550528246891
755	2973	4.34084235051178
755	2997	4.350548778086452
755	3006	4.265308300636007
755	3044	4.060272308956838
755	3066	4.012726478878669
755	3068	4.072997297458819
755	3072	4.023428180636815
755	3098	4.0729243382391545
755	3108	3.867870581326732
755	3114	4.451464771068842
755	3147	4.372005046692566
755	3181	4.024206186157922
755	3578	4.36169663927558
755	3655	3.91226960853913
755	3811	4.357877148907167
755	3871	4.057290690265588
755	3911	4.399028633376638
795	2166	3.2168841973005757
822	3911	4.321214633271705
839	290	4.351983875197703
839	1079	4.68056655269103
839	1228	4.712598172043866
839	1231	4.392567313637869
839	1258	4.714866834645971
839	1348	4.491054680075181
839	2966	4.517310228527514
839	3300	3.378641918510193
839	3617	3.5399031131653818
839	3683	4.77344327760972
839	3790	3.5346152454044217
840	150	4.58224092189112
840	215	4.222983747805031
840	217	2.9840714987534525
840	235	4.096916759216989
840	253	4.048543692825214
840	306	4.583451820109225
840	307	4.421872794863625
840	318	5.085122126503597
840	348	4.159850012197464
840	356	4.6887052325746215
840	368	3.961641889699032
840	376	3.701000373971948
840	432	3.0202303080258504
840	492	4.127826062256531
840	532	3.515220902391804
840	534	4.326190585242112
840	597	4.303800533191806
840	599	4.476903946165566
840	671	4.340382531590393
840	762	2.6288786542230747
840	778	4.466009525992336
840	829	2.9357161219659957
840	923	4.835931063794618
840	974	4.148414051992794
840	994	4.571100464233552
840	1007	3.5014533266770878
840	1011	3.2892708443905945
840	1080	4.408805311168095
840	1092	4.117293692062688
840	1094	4.271276570264265
840	1095	4.441721409433795
840	1162	4.235687265994945
840	1211	4.623564870824512
840	1278	4.7632342977318505
840	1280	4.696650560058695
840	1293	4.636608616439067
840	1372	3.659488453310989
840	1380	4.051237500757263
840	1407	4.075385767937783
840	1517	4.209590824505433
840	1569	3.902456818703738
840	1641	4.470037591923228
840	1797	4.5745672970622495
840	1845	4.214301518534096
840	1888	3.471050752127236
840	1955	4.338687458561969
840	2040	3.5735798079638914
840	2054	3.673537692214197
840	2097	3.859612827949933
840	2191	3.6723034338962144
840	2268	4.388926515441503
840	2289	4.420816367295187
840	2321	4.2590902790697385
840	2362	3.069523763806924
840	2420	3.971773622075869
840	2639	3.704190442511695
840	2657	3.596596344161507
840	2746	3.7981740062892286
840	2867	3.9390527520585694
840	3040	3.845319525547198
840	3105	4.321589797113923
840	3253	4.1922772389180745
840	3255	4.208304621172484
840	3317	4.464522431111393
840	3441	3.7061770256378574
840	3671	4.60298672388225
840	3812	4.032329459806731
840	3831	4.211817780485155
856	272	3.586883770007516
856	461	3.278672528330258
856	647	3.395170038473649
856	1569	3.3487120403502324
856	2346	3.2096067812310696
856	2639	3.1396332230586466
856	2712	3.201784346512037
856	3150	3.6082306566794498
856	3298	3.37670162993876
856	3301	3.2586744248301343
856	3328	3.706874427919557
856	3783	3.956784777670413
856	3910	3.784503499654917
856	3949	4.1663509167765005
869	5	3.409479484681601
869	45	3.631665656948113
869	52	4.118478623169912
869	63	3.078164924953675
869	88	3.0228754912402653
869	107	3.32159645868118
869	122	2.905908613368307
869	135	3.035007196988352
869	141	3.9161740200134254
869	153	3.048695242808169
869	186	3.143499162662269
869	216	3.030795676697932
869	218	3.32351909488591
869	223	4.200448034443909
869	231	3.1971315868412886
869	250	3.220125601617648
869	256	3.0573655168699605
869	267	2.8468429506107853
869	275	3.111532106383477
869	322	3.785034101677191
869	328	3.399968924398696
869	333	3.516734069975687
869	344	3.719712193793337
869	358	3.2508743474984323
869	360	2.881336259851728
869	372	3.5123115004097705
869	410	3.1926184036004406
869	413	2.9363460349682886
869	432	3.0463460279855505
869	435	2.9236538750666
869	437	2.621209817988891
869	441	4.02889931599365
869	450	3.5015228873772277
869	453	3.362457584632633
869	466	3.127532785976701
869	478	3.063913833757096
869	486	3.1873559435189818
869	500	3.472091724863728
869	518	2.740559228008439
869	520	3.258966667774641
869	542	2.72391875996866
869	569	3.174639163907868
869	586	3.61857737137978
869	603	3.316616894156403
869	647	3.693586699989992
869	656	3.125596779728831
869	663	3.872583860776489
869	671	4.007384016550764
869	700	3.64778705449212
869	719	3.018267815647953
869	784	2.521945430879226
869	801	3.3665622507710187
869	802	3.480373381675601
869	818	2.9656649423691714
869	829	2.6591855827027464
869	830	3.3933342226763883
869	840	3.1385569201933494
869	852	3.375546526902209
869	870	2.538483363233997
869	881	3.1079041225501034
869	900	3.745949653452661
869	1005	2.4621295535543317
869	1007	3.3080693514505115
869	1010	3.237678233829665
869	1011	3.0163199765332576
869	1014	3.540675410614616
869	1016	3.472932693742918
869	1018	3.4638897182456487
869	1020	3.631119133847831
869	1021	3.182527847454295
869	1028	3.995618498193447
869	1042	3.610365275524583
869	1073	3.994088764845627
869	1083	3.796765140840468
869	1088	3.8726168941329537
869	1091	3.4084583337625007
869	1130	3.542540094672687
869	1135	3.415380878843352
869	1234	3.765697218381277
869	1377	3.601047456129156
869	1379	3.332225306432807
869	1391	4.134389571504932
869	1392	3.828202223649582
869	1409	3.14198678089138
869	1440	3.0529322842663573
869	1441	3.771112975878653
869	1456	2.599132011661404
869	1460	2.99998673377981
869	1461	2.923291968781306
869	1485	3.326125089534804
869	1500	4.2210363411261405
869	1503	2.633900905817499
869	1517	3.604869745325861
869	1588	3.496888625795963
869	1639	4.101797117860436
869	1641	3.769141856140859
869	1645	4.442954050870816
869	1711	3.2901231154719786
869	1713	3.3064241357175725
869	1732	3.780453184065888
869	1747	4.201507287305244
869	1753	3.54201798918594
869	1854	3.3866690529247423
869	1866	3.354171823661052
869	1884	3.5234175324308405
869	1885	3.505990382267476
869	1918	2.9428064383308623
869	1947	3.851852559638705
869	2002	3.19528009040394
869	2011	4.247237363042094
869	2012	4.201810995824021
869	2014	3.433168132890464
869	2015	3.599200857618136
869	2016	3.157462757293322
869	2031	3.76604111836672
869	2035	3.445255205762567
869	2040	3.402167692044303
869	2042	2.9041086025471405
869	2050	3.0387741897027003
869	2060	3.3006518892396386
869	2065	3.652124541448391
869	2072	3.354938298808103
869	2082	3.240002511127427
869	2095	3.259818037880355
869	2110	3.5012683925114128
869	2124	3.294850256088478
869	2133	3.878141034608226
869	2134	3.506084754039648
869	2144	4.281305006956568
869	2145	3.9256469219027808
869	2155	3.3788772378888683
869	2169	3.114726118965049
869	2195	3.197624057649956
869	2249	3.504303368333276
869	2252	3.268930570747901
869	2261	3.437874442664416
869	2301	3.738431102351567
869	2302	4.123798673004621
869	2335	2.978513495026051
869	2350	3.38563918031637
869	2367	3.01609078659417
869	2371	3.268737469210127
869	2374	3.17665406865096
869	2375	3.3591594551598263
869	2384	3.952738113079089
869	2387	3.220219672686426
869	2407	3.94837730570418
869	2413	3.9652310989973456
869	2416	3.002187080228163
869	2421	3.0203999277518725
869	2423	3.768537672001292
869	2431	2.963604586163512
869	2468	2.9480239551948637
869	2469	3.723225081367874
869	2470	3.235509168023712
869	2478	3.182070530269176
869	2498	2.748046653703431
869	2500	2.877686886578553
869	2504	3.01607610137006
869	2552	2.9228462690984105
869	2567	3.5362314484950184
869	2589	3.1575998474270626
869	2596	3.7478463556860566
869	2794	3.297942208476527
869	2796	3.417753468109265
869	2836	3.49008101953633
869	2860	3.392161066091917
869	2864	3.029534908933178
869	2883	3.663340675813578
869	2888	2.9088748118378134
869	2889	3.632053529338587
869	2913	3.692149225146856
869	2926	3.408691593044563
869	3031	2.506076482099469
869	3033	4.079769259736141
869	3052	4.077064205861691
869	3070	3.1872090276664045
869	3087	3.7432643753372457
869	3130	2.6773380707953063
869	3146	3.138614887802557
869	3156	2.998815304676161
869	3225	2.968934854075894
869	3247	3.5621892873851464
869	3254	3.287221890504197
869	3255	3.972907906131756
869	3258	2.884882961705366
869	3263	3.51973225147854
869	3388	3.210825909461311
869	3397	4.177450062294385
869	3398	3.9572418330365
869	3450	3.1470708588021017
869	3477	3.1287934579866725
869	3526	4.185141947315785
869	3591	3.2337808228989835
869	3608	2.796364439165468
869	3611	3.4074399850754173
869	3646	2.835069537099069
869	3665	2.552977855384441
869	3668	3.975664779068773
869	3669	2.8041265267227864
869	3688	2.813035104035304
869	3712	3.3831997032722474
869	3719	3.24046418157608
869	3775	3.406314699606757
869	3809	3.6637000875414314
869	3830	3.549545004119895
869	3841	2.855383508334299
869	3869	3.31040160247358
869	3893	4.06119186510376
869	3900	3.1107841568171954
884	32	4.335289773556074
884	47	4.504518512295661
884	260	4.891178939285714
884	318	5.073358466511636
884	480	4.273464653745934
884	527	5.046007748092804
884	551	4.23221545895606
884	588	4.273071479441984
884	595	4.447848776527868
884	608	4.862533017419198
884	724	3.595083841466214
884	799	3.892095324896733
884	919	4.733644683405463
884	924	4.552214967171901
884	1028	4.435614420045863
884	1073	4.310858779685657
884	1097	4.469914991058721
884	1196	4.720824099405325
884	1210	4.501607414449808
884	1214	4.683558609432304
884	1219	4.781978793882613
884	1220	4.301459064909564
884	1258	4.527155415287578
884	1270	4.467749562106297
884	1333	4.376901314685648
884	1345	4.048849944852583
884	1387	4.699029075613503
884	1388	3.174271350274786
884	1544	3.622348728874542
884	1580	4.107381042969298
884	1617	4.644603952469205
884	1644	3.1183402675549896
884	1947	4.562795393976609
884	1951	4.167281355803996
884	1974	3.5626651452650515
884	1982	4.273107559786379
884	1991	3.379149673299391
884	1992	2.728927010741092
884	1993	2.5557386724388627
884	1994	4.199250255439001
884	1995	2.881291335917751
884	1996	2.5192944793925847
884	2004	3.1505571139714017
884	2026	3.1490767516980083
884	2080	4.290923300928854
884	2081	4.28086792320187
884	2107	3.343594419126801
884	2121	3.1342855113860746
884	2232	4.0739060919538606
884	2279	3.228066347570085
884	2338	2.688913282496552
884	2366	4.206397222051282
884	2367	3.283060472050709
884	2710	3.3602684295960694
884	2713	2.97034963650345
884	2716	4.41137902632827
884	2719	2.901061392128211
884	2747	3.915299546305671
884	2762	4.96553583487916
884	2995	2.9480882306118463
884	3081	4.012988873786703
884	3147	4.656777129496803
884	3160	4.380359270147519
890	31	3.650389797443058
890	39	4.186640143147767
890	95	3.437274444092981
890	126	2.5213065960570447
890	158	3.496634546155233
890	185	3.400921676725124
890	231	3.800714903734141
890	253	4.10541234892932
890	353	3.897506552666784
890	362	3.856944924918613
890	500	3.843185657767804
890	586	3.656647717436259
890	818	3.0421206796368425
890	832	3.9532423576296303
890	881	3.3061509498954105
890	1093	3.945856634650245
890	1120	3.914944502359158
890	1213	4.632534179853021
890	1320	3.643859050775861
890	1456	2.8084990231264317
890	1457	3.657282118711744
890	1468	2.965524184655715
890	1479	3.843428158062869
890	1527	3.9570043694253454
890	1608	4.119515783509356
890	1645	3.891801417792424
890	1777	3.9473423028026073
890	1866	3.658469089965041
890	1894	3.2496473424207166
890	1923	3.859705639166577
890	2161	4.144035694257631
890	2162	2.988285872518716
890	2278	3.923059007244164
890	2429	3.3409058386855865
890	2671	4.155589207515189
890	2692	4.456910818638458
890	2699	3.6572303126440193
890	2710	3.3212753272741447
890	3257	3.279742955258933
890	3263	3.591312080475398
890	3264	3.5566472139489718
890	3267	4.148975395704484
890	3477	3.5054777884656265
890	3489	3.706139228654681
890	3751	4.381140995294182
890	3841	3.267333232795954
897	1036	4.3092944048983854
897	1047	3.2846303512935635
897	1090	4.005823764276762
897	1206	4.266719776212539
897	1222	3.866838604991345
897	1258	3.929413176420681
897	1735	2.976658859200826
897	2289	3.919798769540522
897	2671	3.580926624373821
897	2890	3.685972451347031
897	2959	3.833049959033992
897	3100	3.770332692848563
897	3114	4.02327044823636
897	3324	2.654526377025757
897	3408	3.972896144267832
897	3593	1.5243095769855466
897	3740	3.323042019706293
897	3793	3.496308419986484
897	3916	3.841889001585836
911	1136	4.362419183220328
911	2840	3.1807245685595564
911	2861	3.798200579622482
911	3062	4.269608696044017
911	3147	4.4738198805375005
911	3893	3.735152437333636
911	3948	3.824974239672328
937	223	4.515213654207712
937	312	2.8700496290445767
937	358	3.3206537317945024
937	924	4.568978245185574
937	1042	3.830447443093009
937	1206	4.280464594850536
937	1258	4.368452427181997
937	1858	3.667483410475156
937	2355	4.265172588465542
937	2541	3.487557781291062
937	2572	3.581861476900804
937	2683	3.185633545562769
937	2699	3.76930801349152
937	2706	4.195393140635651
937	2710	3.443133857533482
937	2712	3.8869109314234738
937	2770	3.6823515929866337
937	2908	4.230269269387466
937	2976	3.311385056478032
937	2997	4.42963821140047
937	3016	3.4143180416784538
937	3052	4.066074939404213
937	3396	4.260894342858507
937	3525	3.2485994305679498
937	3593	1.822618738868744
937	3754	2.857747431276641
937	3857	3.120413351078697
937	3901	2.6602618153493305
943	318	4.978814990155366
943	1573	3.737046223701959
943	2268	4.51557642131577
943	2686	4.3624177415300665
943	2762	4.868905511952516
943	3720	4.065054818527025
943	3822	4.280290481669812
943	3844	4.10830271251333
943	3952	4.2390726705866
953	593	5.156356406508551
953	909	4.807689002655717
953	1036	4.828731441719187
953	1090	4.767037089228811
953	1222	4.916698391501101
953	1258	4.783920700690502
953	2637	3.685364042783925
953	2638	4.000584126057882
953	3077	5.0644867446234985
953	3551	4.625801882445639
993	50	4.129062081284545
993	215	3.377623523596172
993	260	4.084998818574617
993	527	4.272334577626206
993	589	3.786530372127552
993	924	3.7307467522037703
993	1089	3.972938708618946
993	1219	4.0271725480182425
993	1233	4.017214119637733
993	1249	3.672685792548871
993	1960	3.655426628929396
993	2728	3.658480135769158
993	3083	3.725165297231584
993	3252	3.443631197891817
996	3897	4.366985007244785
1001	647	3.7678149741073943
1001	3756	3.749484482087741
1010	89	1.8760447084996723
1010	511	2.0153292779582226
1010	610	3.414058610764355
1010	933	3.550362598376972
1010	1201	3.681080368532
1010	1221	3.205521779150598
1010	1304	3.671004887563742
1010	1371	3.2033440535988
1010	1387	3.32038654218645
1010	1636	2.2534894426899617
1010	1752	1.4625884447446755
1010	1954	3.409469556329051
1010	2347	2.881527453752301
1010	2366	2.415850993187058
1010	2367	1.8344578264454767
1010	2405	2.019938423890203
1010	2409	2.1476309930940958
1010	2527	2.6230738896673897
1010	2528	2.9563286557453528
1010	2529	2.8114872860642373
1010	2611	3.1118476030894
1010	2640	2.8785866895252967
1010	2802	2.1943174794374296
1010	2947	3.374666848503799
1010	2951	3.2780271730671324
1010	3000	3.6470100223376174
1010	3267	3.461779543692797
1010	3384	3.2002579333729404
1010	3430	2.123232134433626
1010	3452	2.2265987601878763
1010	3623	1.760424821870626
1010	3638	2.3074745248785087
1010	3702	2.933768362672008
1010	3703	3.89223968450548
1010	3764	1.976829961522556
1010	3836	3.137328172853903
1010	3911	3.5626805404812307
1010	3949	3.3125230682999933
1019	65	1.539528644506519
1019	71	1.5805783674955811
1019	156	3.0383906805086336
1019	208	2.403716182851773
1019	223	2.805568558041732
1019	234	1.66803961625572
1019	276	2.177880528896279
1019	288	2.208546645666154
1019	306	3.701007155651636
1019	308	3.468371071194992
1019	327	1.7803393385376207
1019	438	2.097367045752023
1019	445	2.139539488379421
1019	515	3.771280352138265
1019	518	1.9016164570354035
1019	542	2.2876571557763645
1019	637	2.14691755359498
1019	736	1.919529805280713
1019	1049	2.544762753212596
1019	1091	1.893124372847452
1019	1126	2.160663231609748
1019	1353	2.7788873695231326
1019	1375	2.360808717871098
1019	1485	3.111667758948641
1019	1552	2.140150184370308
1019	1608	3.1829948556652496
1019	1640	1.9828983664045825
1019	1895	2.289947253010971
1019	2060	2.513055915942334
1019	2574	2.4474919735010974
1019	2724	2.7418654307442365
1019	2798	1.5269856436100535
1019	2890	3.521525824956484
1019	2953	1.7884531075254202
1019	3020	2.9942157176188338
1019	3181	3.063766716898573
1019	3258	2.30077057189004
1019	3514	2.5481123108048824
1021	50	5.144413017829979
1021	189	4.295274039556596
1021	260	4.874663249011744
1021	527	5.154556911420203
1021	541	4.81482117364916
1021	593	5.066724537021632
1021	750	5.059644237186951
1021	899	4.966752630592893
1021	922	5.10692130971401
1021	923	4.964926723991892
1021	924	4.655040733069464
1021	969	4.8723511767067365
1021	1198	5.05739397621083
1021	1248	4.805941463028605
1021	1250	5.020454003886856
1021	1252	4.973837987774004
1021	1267	4.970675718820799
1021	1617	4.894954875000858
1021	1950	4.80293761901832
1021	2028	4.992907458337011
1021	2168	3.767556172514402
1021	2396	4.8401211619067
1021	3629	4.901389980821682
1029	152	2.8545162669187323
1029	1219	4.001322008797716
1029	1258	3.3864987184446136
1029	1278	4.15234393669516
1029	1333	3.460833125981489
1029	1348	3.9765767080931353
1029	1994	3.0284023644839877
1029	2160	3.40816067883378
1029	2550	3.188505854969204
1029	2554	2.926426095486134
1029	2645	3.182673225019744
1029	2648	3.8576819761525982
1029	2652	2.6147633574330453
1029	2653	2.657151102174655
1029	2780	3.035262148780583
1029	3340	2.698684244132958
1029	3490	3.0221882676992844
1029	3499	3.391399727064837
1029	3627	3.145716641352985
1051	180	3.1776343456140483
1051	330	2.7124451027709946
1051	705	4.089561475768766
1051	736	3.0283707993936764
1051	1057	3.95457933253219
1051	1620	2.889488612074014
1051	1858	3.879004559766324
1051	2432	3.708201282878756
1051	2485	3.1689987560001054
1051	2500	2.66110458758056
1051	2968	4.125953817479356
1051	3186	3.906094328021172
1051	3553	2.6878041694530865
1051	3571	3.442508932448109
1051	3598	3.313427563416976
1051	3744	3.394022676204452
1051	3913	2.9588410858444414
1088	19	2.4540217679630554
1088	32	4.129989693624759
1088	60	3.4024314455894555
1088	62	3.849387300199959
1088	76	2.950975821837507
1088	158	3.0477582410279944
1088	165	3.573589145605124
1088	196	2.852339110015601
1088	266	3.60783828905004
1088	276	2.79777886736088
1088	343	3.1182409361111225
1088	344	3.151856280502328
1088	356	4.089448617747396
1088	432	2.5699288709863897
1088	480	3.9742544455562623
1088	575	2.8268183863478744
1088	586	3.2617026393864736
1088	592	4.042086333320663
1088	605	3.379858659956702
1088	628	3.889244092952522
1088	724	3.2462940078188423
1088	788	3.101738132765413
1088	828	3.3166127933020952
1088	830	3.0690354068716945
1088	900	3.9146189149425177
1088	907	3.977588066941954
1088	926	4.290491085028943
1088	930	4.469958441198022
1088	931	3.9844745386292506
1088	948	3.807856955994495
1088	986	3.6731343597186936
1088	1015	3.438970457454621
1088	1025	3.7056417876480494
1088	1031	3.538263144753416
1088	1057	3.60993722717618
1088	1061	3.7196749281849057
1088	1085	3.805077874182895
1088	1090	4.161588596262909
1088	1104	4.29985156006537
1088	1124	3.889013083297901
1088	1193	4.560020659265437
1088	1207	4.569558948953503
1088	1213	4.397313838406505
1088	1221	4.6502349861943495
1088	1228	4.333665024907138
1088	1230	4.277758734750569
1088	1246	4.14332728055521
1088	1263	4.236220623633421
1088	1264	4.089470280440116
1088	1266	4.157456335769727
1088	1267	4.474051061685398
1088	1276	4.409158884050942
1088	1294	4.278685397340968
1088	1296	4.05591396808429
1088	1299	4.385567633715447
1088	1363	3.0873154634579083
1088	1380	3.825407163359535
1088	1409	3.062542546748061
1088	1445	2.274865016935452
1088	1544	2.998918450795779
1088	1566	3.368682242754878
1088	1593	2.921546838935552
1088	1610	4.093394130893945
1088	1617	4.333663986248006
1088	1629	3.054082369262407
1088	1799	3.550343234599256
1088	1862	2.2172328201102944
1088	1881	2.9506176195750538
1088	1911	2.972751864867687
1088	1936	3.97208008937378
1088	1940	3.974461839477584
1088	1953	4.2792122040496405
1088	1955	3.995474933618968
1088	2005	3.4156200002073374
1088	2020	4.008093265173642
1088	2023	3.5072720507587696
1088	2036	2.487045537191713
1088	2053	2.3832551343785084
1088	2054	3.032085915122146
1088	2090	3.529775059726791
1088	2137	4.010274725336466
1088	2177	3.2119475536148543
1088	2180	3.383479244861679
1088	2181	3.76964506173024
1088	2186	4.3776507691245765
1088	2201	3.747079681391499
1088	2203	4.306086586237265
1088	2210	3.8396266001611226
1088	2245	3.5430662822605696
1088	2268	4.108824386705285
1088	2279	2.8570720901387263
1088	2329	4.332207152482076
1088	2352	3.90074464425913
1088	2427	3.653404033798058
1088	2541	3.340079161887031
1088	2558	2.9163743453816218
1088	2600	3.435910362864857
1088	2612	4.17886731549268
1088	2700	3.553184107950517
1088	2710	3.163176704452136
1088	2713	2.5247627432274964
1088	2720	2.069443285657401
1088	2772	3.108559451776379
1088	2888	2.806375083810545
1088	2891	3.598587513495045
1088	2953	2.518545729950286
1088	3005	3.3985031892466884
1088	3072	3.8350228142155935
1088	3152	3.915063170514314
1088	3175	3.897361594808108
1088	3176	3.4639948721790503
1088	3243	2.6480133923464133
1088	3247	3.171610833808803
1088	3256	3.7842007680107153
1088	3264	3.013892945566428
1088	3285	2.7158429349477355
1088	3301	3.4625103226164438
1088	3362	4.145078527736312
1088	3467	4.105805695794816
1088	3468	4.322969615372452
1088	3504	4.24093594616212
1088	3599	3.5688579191714016
1088	3685	3.6905543653587016
1088	3686	3.345172549211985
1088	3801	4.255848795848492
1088	3864	2.886551755228816
1088	3915	3.587058337163876
1101	2936	3.7610834716713417
1101	3253	3.163850301229272
1101	3745	3.201347663154141
1107	2762	4.6989177537758
1107	3751	4.317061229905446
1113	260	4.858491783529729
1113	593	4.452824354533163
1113	750	4.917778590380359
1113	778	4.248743218556847
1113	923	4.72302594320337
1113	924	4.423659185878472
1113	1212	4.671353837036185
1113	1594	4.1124106071931
1113	1640	2.9089248501488663
1113	2706	3.8619547595259314
1113	3091	4.454144351414882
1113	3160	4.428751112037631
1113	3683	4.583623872097747
1113	3897	4.563840906497902
1117	32	4.259797558833508
1117	47	4.238373618136762
1117	89	3.237751871201536
1117	95	3.211658836766663
1117	150	4.040497246810952
1117	151	3.6479451705557
1117	156	3.692533452689114
1117	161	3.8427932261515454
1117	180	4.006540438305264
1117	194	4.069633705120097
1117	249	3.99484715613465
1117	253	3.712266074650577
1117	296	5.108249193331085
1117	307	4.319530217409219
1117	308	4.2229641973206
1117	339	3.8197627121895534
1117	345	3.9510110403471073
1117	370	2.934428025461566
1117	372	3.435915846593524
1117	377	3.922246990284537
1117	380	3.9221105871354274
1117	383	3.43838233029214
1117	414	2.974669824481006
1117	466	2.989118448994945
1117	468	3.4763085001595795
1117	486	3.2391836084892742
1117	491	3.468442778638817
1117	500	3.649955722872252
1117	507	3.661857620329284
1117	546	2.239687525108771
1117	586	3.295390864942725
1117	590	3.665458191248198
1117	597	3.712287093227185
1117	741	4.538854258560636
1117	786	3.305023928956261
1117	800	4.4133112710213975
1117	805	3.776325540423909
1117	1037	2.60633080921408
1117	1057	3.9229296502545687
1117	1147	4.630723148255919
1117	1148	4.80926033619292
1117	1183	4.150024124302743
1117	1215	4.362804297328311
1117	1223	4.690091489049321
1117	1271	3.855601629786111
1117	1429	3.424745450737989
1117	1449	4.622669902151075
1117	1485	3.708754776161518
1117	1517	4.493260924464594
1117	1552	3.496739831516744
1117	1573	4.241569595201554
1117	1594	4.105212770418036
1117	1614	3.5850185013740723
1117	1635	4.102796220112011
1117	1639	4.395800655743387
1117	1653	3.9167432502308768
1117	1699	3.782007082391256
1117	1727	3.418708121222841
1117	1729	3.7992110574994618
1117	1777	4.072840108099222
1117	1835	3.397040272300526
1117	1917	3.457779272541412
1117	1920	2.8394974223672507
1117	1923	4.1333519678303725
1117	2126	2.896615943671228
1117	2165	3.726474076166272
1117	2253	2.586917548591425
1117	2268	4.0398437143002806
1117	2297	3.3146273192352504
1117	2336	4.255112608743252
1117	2393	3.416155992954663
1117	2394	3.6535918652076567
1117	2431	3.11327242238213
1117	2435	3.1314266881479145
1117	2447	3.331363799204872
1117	2496	3.525401898834198
1117	2500	2.750010986907053
1117	2514	2.2940606902508707
1117	2542	4.175846641004114
1117	2571	4.812057495247333
1117	2580	4.144396368383021
1117	2583	4.006157141447673
1117	2599	4.232940436283755
1117	2693	4.1333608928788665
1117	2710	2.835215849577888
1117	2763	3.8288252619920073
1117	2805	3.154723679797838
1117	2826	3.306589269544469
1117	3082	3.705555585929589
1117	3100	3.9039820539803807
1117	3146	3.2210107660593863
1117	3147	4.323937819520563
1117	3148	4.021857246948895
1117	3254	3.2241276452083203
1117	3261	3.7226845521452976
1117	3264	3.164505283500259
1117	3271	4.106764801351036
1117	3317	4.292152000991492
1117	3386	3.963291685735439
1117	3439	2.2822852911369256
1117	3450	3.590975955873039
1117	3489	3.292974886766476
1117	3499	3.8451551789489566
1117	3528	3.501398251085516
1117	3709	2.8161603298981444
1117	3785	3.2080061139398137
1117	3802	2.607472280463414
1117	3869	3.3240713266401616
1117	3896	3.5656754856079327
1117	3908	2.5068570376546164
1117	3911	4.398511491265781
1120	1126	2.738131803697313
1120	1848	3.4025028325960376
1120	3097	4.398280902208865
1120	3479	3.9534099196668766
1120	3911	4.672477154173155
1125	11	3.767124910912648
1125	32	3.6940421275834168
1125	987	2.9889283310547587
1125	1196	4.7501230450338126
1125	1222	3.923442665623014
1125	1487	2.900598447081821
1125	1661	3.1933982653918034
1125	2858	4.004834645571987
1125	3556	3.527279238855465
1125	3882	3.164444620384
1125	3949	3.971677510339149
1139	3949	4.492083044059943
1142	48	2.9552706825762374
1142	367	3.186029782350737
1142	370	2.8995142325911374
1142	592	3.4649808694004687
1142	594	3.60872160103624
1142	910	4.162961101998171
1142	1073	3.5334428610624764
1142	1270	3.92416198085308
1142	1291	4.004633916035261
1142	1377	2.852795351256681
1142	1544	3.110091687488173
1142	1580	3.693670382006923
1142	1590	2.439171884374048
1142	1754	3.2180602981293376
1142	1837	2.9463142158671896
1142	2011	3.3396269918029278
1142	2027	2.4713341598062715
1142	2081	3.822286706708164
1142	2115	3.5152414513290595
1142	2297	3.011378667810708
1142	2302	3.637703227019753
1142	2571	4.297861905954622
1142	2671	3.591079764705229
1142	2804	4.580858330643099
1142	3081	3.4163988306464304
1142	3249	3.1243628541747146
1142	3268	1.8128275520021109
1142	3285	2.584354041528292
1142	3798	3.1311999646407185
1142	3869	3.1949416270370765
1142	3948	3.891278783793102
1142	3949	4.191100452709688
1164	1959	3.622474003757018
1164	2310	3.553302659732908
1164	2337	3.1501760101226552
1164	2395	3.732722006902186
1164	2598	2.921571022412619
1164	2600	3.3265586203371558
1164	2622	3.3309619907800787
1164	2690	3.5758884430530533
1164	2702	2.875267620131927
1164	2707	3.2195438405680186
1164	2712	3.164957023463752
1164	2719	2.2131638944622365
1164	2723	2.943318309097457
1164	2734	3.2768133248938853
1164	2762	4.220666787243274
1164	2763	3.383389696305904
1164	2770	3.186111075234355
1164	2805	2.8038625836984434
1164	2840	2.65336910031776
1164	2841	3.436152391947841
1164	2881	2.9411807019007274
1164	2959	3.947266055874302
1164	2961	2.6182244581767025
1164	2976	2.937074668454676
1164	2987	3.572088629661048
1164	3051	2.7736465335000378
1164	3081	3.3364877236506514
1164	3174	3.398829962249549
1164	3176	3.4397840514917672
1164	3179	3.2835786975302472
1164	3185	3.23382461137422
1164	3219	3.160750848854521
1164	3238	1.7693274715387404
1164	3298	3.2992065876419923
1164	3565	3.1344621133392616
1164	3751	3.554478492404358
1165	3489	2.907820729974175
1173	147	3.171797336201561
1173	1042	3.5121710977976344
1173	2268	3.896097397735536
1173	2442	3.800948317334697
1173	3471	3.96440656737184
1173	3949	4.183309852345737
1181	915	3.481233448899151
1181	1466	2.650552474702649
1181	2940	3.3505607492235736
1181	3593	0.9158733408063136
1182	11	3.236338752898282
1182	36	3.787606329669437
1182	39	3.1757606300575927
1182	104	2.699704044595644
1182	111	4.223496338739741
1182	153	2.32075813351175
1182	165	3.062008981912235
1182	356	3.825957635863469
1182	413	2.164784427250361
1182	592	3.5692454872474726
1182	594	3.622907558998632
1182	595	3.459319055932297
1182	783	2.896861809580251
1182	886	2.4765396341226293
1182	898	3.795616826184733
1182	899	4.005036349783493
1182	900	3.2211162119385444
1182	909	3.649836257149743
1182	910	3.830456588438303
1182	911	3.653455188037469
1182	912	4.289447895507835
1182	915	3.579014810635524
1182	916	3.7558768954405615
1182	919	4.008465092112493
1182	922	4.106173728551963
1182	923	4.316274519957589
1182	926	3.826395264733011
1182	953	4.028521964812241
1182	955	3.743020653424805
1182	969	3.869589424062408
1182	1022	3.429064330084211
1182	1028	3.242500425389486
1182	1032	3.391703588669572
1182	1084	3.934724841717018
1182	1090	3.754139770016081
1182	1103	3.6224080591926766
1182	1104	3.876406190509334
1182	1197	3.798185444525852
1182	1207	4.02310099429723
1182	1212	4.125746890474472
1182	1222	3.619652078683912
1182	1228	4.02304122388622
1182	1246	3.430096819545813
1182	1248	3.965527795339228
1182	1254	3.951841816347656
1182	1259	3.77062821199689
1182	1269	3.781912515671964
1182	1272	3.959169508056397
1182	1278	3.813508422365523
1182	1287	3.8325668681425817
1182	1292	3.505896909591565
1182	1302	3.491620475388885
1182	1370	3.1878486387588847
1182	1377	2.8822182430570025
1182	1407	3.300012516493982
1182	1562	1.4791522868226932
1182	1678	3.4405656802308533
1182	1679	2.136130758556431
1182	1719	3.6735329117989615
1182	1730	3.0995650248543747
1182	1747	3.042320318084229
1182	1777	2.8139216970075687
1182	1784	3.996666655805461
1182	1927	3.76983745361852
1182	1939	3.810693042696717
1182	1945	3.946932461498289
1182	1997	3.793701132194438
1182	2067	3.719080391146578
1182	2078	3.31467498927676
1182	2081	3.286434153240158
1182	2132	3.80502294039428
1182	2174	3.399569459394054
1182	2194	3.499833113095628
1182	2268	3.743219727435481
1182	2300	3.687095392419125
1182	2329	3.600280157367382
1182	2366	3.659382952820964
1182	2394	3.263744678916915
1182	2612	3.630749504275508
1182	2616	2.5738444987550224
1182	2706	2.698753334724595
1182	2797	3.2826916534795187
1182	2883	3.215430025677413
1182	3030	4.014055337992903
1182	3095	3.8767875983764815
1182	3178	3.438782102154128
1182	3196	3.8284435675551967
1182	3307	3.908754487359671
1182	3408	3.2229560817309038
1182	3447	3.310161388561622
1182	3462	3.772408975044222
1182	3468	3.860984106922133
1182	3469	3.794483503963369
1182	3629	3.9197894954391552
1182	3733	3.405152831513249
1182	3751	3.6639227671779526
1182	3783	3.5983192595932176
1182	3819	3.501661491732802
1182	3863	2.9310176658966105
1182	3911	3.729888314306199
1182	3949	3.840532528792516
1202	471	3.7308449060061344
1202	1883	3.3921507500500065
1202	1914	3.86740571230625
1202	2302	4.0210739361793975
1202	3911	4.199053441328417
1203	2	3.468614717137251
1203	4	3.023665500007082
1203	5	3.3372436251037034
1203	7	3.725947342908444
1203	13	3.432054860536064
1203	14	3.792102783254232
1203	28	4.316956999117248
1203	31	3.452554770107706
1203	35	3.771873299240922
1203	41	4.210389465807579
1203	43	3.9985948864227168
1203	45	3.623596914842876
1203	48	3.1745114984298297
1203	52	3.867960521573632
1203	70	3.292570228572369
1203	81	3.48148054557542
1203	95	3.071699202905554
1203	105	3.552612617627899
1203	107	3.3454626634583406
1203	140	3.4425973923319444
1203	158	3.2721534814844704
1203	165	3.720961362075687
1203	168	3.2260247719570674
1203	172	2.794400066029078
1203	180	3.710782668621557
1203	185	3.088515425730358
1203	198	3.622457774569732
1203	201	2.9288542043162327
1203	203	3.293182621357246
1203	207	3.473415391098896
1203	222	3.746692920458373
1203	224	3.696846340336008
1203	236	3.638759501964895
1203	249	3.9949202929952414
1203	253	3.916444702019835
1203	266	3.7674897136773753
1203	272	3.9811777258042897
1203	282	3.5250463466486277
1203	288	3.401520131961883
1203	292	3.5164355763934347
1203	303	3.214072859871534
1203	305	2.8676304306049647
1203	316	3.796820286867929
1203	328	3.4173139222087863
1203	338	3.119750385669269
1203	339	3.7898424137988287
1203	352	3.388338015916601
1203	361	3.7058938622179833
1203	365	3.667755498632931
1203	369	3.6984042394341343
1203	376	3.43303538366342
1203	377	4.045312582312255
1203	379	3.1329844035366023
1203	380	4.071653800824848
1203	382	3.268182233151971
1203	405	2.32220622476901
1203	410	3.203858275409257
1203	413	2.847409363374426
1203	426	3.252598989548403
1203	432	2.84357946067442
1203	435	2.731306619587864
1203	444	2.639161502347067
1203	454	3.7649043925294414
1203	455	2.9960518866701107
1203	458	3.553347201206063
1203	465	3.410596479924261
1203	468	3.613812095492541
1203	469	3.0473944401960984
1203	481	3.718413311909509
1203	482	3.7232968009673577
1203	485	2.847367369548882
1203	488	3.5136374156504746
1203	492	4.009894831630932
1203	500	3.68292667370908
1203	509	3.937931177064564
1203	516	3.133028139807041
1203	517	3.356383069591868
1203	520	3.1297298214665226
1203	521	3.713605369357302
1203	534	4.159945345821609
1203	537	3.4865161636695507
1203	538	4.277524404318225
1203	539	4.042208116100524
1203	555	4.237401165007006
1203	565	3.814544823790927
1203	574	3.924221259962539
1203	580	3.5255675022782778
1203	585	3.1431308331343155
1203	586	3.5800996731682773
1203	590	4.27303419106075
1203	597	3.963989354796814
1203	640	3.01994399038698
1203	648	3.6393668712147984
1203	653	3.4460539747111234
1203	673	2.911271929177807
1203	694	3.063268881820381
1203	697	2.95550306718549
1203	707	3.23623141763412
1203	724	3.4041725027797725
1203	736	3.6125502062717
1203	737	2.270832120353914
1203	780	3.834203730066751
1203	783	3.3819649188256027
1203	784	2.995472597803342
1203	788	3.241426903581071
1203	802	3.679555669677633
1203	818	2.7939869401406887
1203	836	2.941740685972426
1203	842	3.0897295169001406
1203	849	2.718837741864802
1203	879	3.1733717758865425
1203	880	2.577595724750518
1203	909	4.352140705480653
1203	924	4.567976348318243
1203	991	3.8885208154284783
1203	999	3.5068556118065155
1203	1020	3.494210531400208
1203	1027	3.400879465054321
1203	1037	2.835231302520889
1203	1043	3.1222388178891176
1203	1049	3.5955383421231164
1203	1059	3.670299992577089
1203	1073	4.219844521246297
1203	1092	3.875557161604181
1203	1094	4.241229980029686
1203	1120	3.8352135716433104
1203	1190	3.832149447687078
1203	1222	4.421382568457766
1203	1268	3.7532813699523473
1203	1279	3.938419443432438
1203	1293	4.503001450440622
1203	1353	3.436040036203921
1203	1355	3.437388048804808
1203	1357	4.122813463432606
1203	1367	3.3523938745961304
1203	1370	3.694490277268188
1203	1372	3.598176745014632
1203	1377	3.418101909803222
1203	1379	3.3106426612945907
1203	1391	3.1231510517297747
1203	1393	4.093889922898761
1203	1399	3.443691243809625
1203	1409	3.2424883907273405
1203	1416	3.5651647901432817
1203	1429	3.5234654910374217
1203	1441	3.7691339519075218
1203	1449	4.480907267877107
1203	1485	3.70040213259008
1203	1500	4.1717400035631975
1203	1503	2.636403409942886
1203	1513	3.2911382673621783
1203	1544	3.3436565393262607
1203	1552	3.5419931542583964
1203	1556	2.1823019690056125
1203	1562	2.525102531515381
1203	1566	3.459184630670076
1203	1573	3.502549325548462
1203	1580	4.3584551206657896
1203	1586	3.3146848567325136
1203	1597	3.572252438090793
1203	1603	3.095387064237524
1203	1608	3.718605689348766
1203	1614	3.638335913529957
1203	1619	3.6587574331189208
1203	1620	3.539504401956757
1203	1625	4.1619962737264204
1203	1643	4.1542720178085455
1203	1644	2.942304497722321
1203	1645	3.527962585817377
1203	1653	4.141026130363654
1203	1676	3.3142477987560026
1203	1688	3.7605861822819766
1203	1693	4.024324133648701
1203	1702	2.826544381547023
1203	1717	3.347336486852254
1203	1726	3.129836421528889
1203	1727	3.590114007754815
1203	1735	3.481896240875201
1203	1748	4.188320845272811
1203	1754	3.63019879864267
1203	1779	2.871534455099977
1203	1799	3.6918743191389054
1203	1801	3.3080937197731486
1203	1810	3.8711054865650034
1203	1816	3.3704883234517924
1203	1829	3.220803275939373
1203	1831	2.8372883123245267
1203	1836	3.531911139008705
1203	1876	3.632068830014719
1203	1892	3.539833908836828
1203	1911	3.1477809421192853
1203	1916	3.8564200978611143
1203	1917	3.392827248071069
1203	1918	3.2051619207426563
1203	1920	2.939827455869612
1203	1955	4.109211222809302
1203	1956	4.299039056157974
1203	2002	3.3965272152151185
1203	2006	3.7899084542475
1203	2012	3.38867799934436
1203	2023	3.542258443651699
1203	2025	3.52511216360311
1203	2046	3.740456419764474
1203	2082	3.1742053120278704
1203	2083	3.9834838541070927
1203	2112	3.876325669171384
1203	2125	3.972803777430749
1203	2137	4.151020903033903
1203	2155	3.633672411814896
1203	2161	3.7450746898258247
1203	2231	3.907652402264573
1203	2266	3.160454579436396
1203	2278	3.824058360063785
1203	2279	3.022890454940505
1203	2294	3.6845990006867018
1203	2296	2.746210934351018
1203	2297	3.3926864658704665
1203	2302	4.080375876012633
1203	2316	3.2916904964487013
1203	2340	3.629104523658862
1203	2346	3.5351382824415563
1203	2353	3.7852387748592737
1203	2385	2.890881091606476
1203	2389	2.7923701824700435
1203	2393	3.633180137070762
1203	2394	3.788594908988375
1203	2424	3.769352055844884
1203	2428	3.0607064300418383
1203	2433	3.61333914834428
1203	2448	2.6191126664134887
1203	2470	3.6556109767711975
1203	2490	3.683373483040661
1203	2504	3.0734969574787256
1203	2505	3.0335790676724623
1203	2539	3.685748287809564
1203	2541	3.4609954469354456
1203	2558	3.094415907850012
1203	2560	3.3920504896410306
1203	2561	3.3712416638247293
1203	2567	3.5199837202114628
1203	2572	3.660400229727845
1203	2577	3.6590075475206887
1203	2581	3.5404140394403347
1203	2583	3.9420163902520695
1203	2589	3.1952113594089138
1203	2590	3.540540361777339
1203	2598	3.310539986299056
1203	2600	3.614395965966765
1203	2610	4.114183851471658
1203	2611	4.210634304442099
1203	2628	3.640591887052514
1203	2629	2.872047060830797
1203	2639	3.479361217149922
1203	2672	3.36861789329144
1203	2683	3.832200623335536
1203	2701	2.3885098097909383
1203	2702	3.343368206624469
1203	2706	3.869242379237357
1203	2710	3.497233408422793
1203	2724	3.368005915659043
1203	2729	4.096640769655943
1203	2730	3.845465551641557
1203	2759	3.672682865671072
1203	2761	4.315326917220447
1203	2766	3.875883320877796
1203	2771	3.064302831463169
1203	2801	3.8563432805586015
1203	2803	3.4656861501562664
1203	2805	3.1731590486774595
1203	2826	3.3058992223150887
1203	2827	2.6558997020820017
1203	2841	3.806309592107155
1203	2875	3.488906788944193
1203	2883	3.938734995908286
1203	2891	3.769415602060509
1203	2936	4.248245415187761
1203	2953	2.8371674658928634
1203	2977	2.993416024750644
1203	2995	2.7336098510502547
1203	3006	4.321649211779506
1203	3007	4.391833511769702
1203	3045	3.50370209381801
1203	3046	3.7281393362621458
1203	3056	3.838539695323392
1203	3063	3.1379038810182127
1203	3082	3.5516754670987143
1203	3107	3.623957497263594
1203	3125	3.805672606047932
1203	3127	3.439297438393273
1203	3130	2.676993780421997
1203	3145	3.702679706840886
1203	3155	3.588222039919088
1203	3156	3.1741493638711136
1203	3175	3.9385165999240193
1203	3176	3.809275426129551
1203	3181	4.0883540770043885
1203	3219	3.594839735075222
1203	3247	3.4347276847723007
1203	3249	3.229373620315951
1203	3254	3.04374263939579
1203	3257	3.229731325684538
1203	3258	3.0380944838438086
1203	3259	3.5558039142997178
1203	3261	3.798426805023496
1203	3262	3.153660074471348
1203	3263	3.501058482049867
1203	3264	3.2163209312673398
1203	3274	3.3270921625091305
1203	3396	4.067154417235735
1203	3397	4.0886330324478
1203	3425	3.536005796704519
1203	3426	3.532293593479604
1203	3438	2.949263901838008
1203	3471	4.276781678434266
1203	3489	3.229705250109434
1203	3527	4.043956945739482
1203	3528	3.662900996605046
1203	3614	3.5080421661070336
1203	3686	3.396230667909217
1203	3697	3.1467613559774343
1203	3712	3.4660009640934994
1203	3723	3.967739528663863
1203	3764	3.0708483955675185
1203	3802	2.6675365943177822
1203	3809	3.659472717795755
1203	3826	2.9188293408151207
1203	3835	2.8703899644112973
1203	3841	3.0794644763735173
1203	3861	3.404067856664513
1219	913	4.774816473478085
1219	3189	3.913809079708408
1219	3328	4.071725136472818
1219	3452	3.4815802850272743
1219	3481	3.965324890739718
1219	3618	3.586525525663001
1219	3624	3.984530899473616
1219	3827	3.68217770081518
1228	1291	4.221890345616388
1228	1836	3.275213157820924
1228	1960	3.951901627884901
1228	2725	3.726870853368392
1228	3262	2.948076317265672
1243	1	4.00614374534257
1243	34	3.787674300942028
1243	45	3.3202204373492687
1243	144	3.298489379974244
1243	165	3.502539115189494
1243	232	4.090390453562759
1243	235	3.789083390178416
1243	272	3.665818663074515
1243	317	3.1261667104741617
1243	342	3.5964114033733634
1243	344	3.097125324222265
1243	356	4.186149563404828
1243	357	3.798551488537269
1243	440	3.892310197414125
1243	457	4.126117746193557
1243	471	3.5742788213369585
1243	500	3.473773024413317
1243	537	3.218327021793136
1243	539	3.889605329928356
1243	562	3.7234658241434695
1243	568	3.787375253192163
1243	586	3.227987322041753
1243	597	3.7341282856294313
1243	719	2.833974744084775
1243	1028	3.7931624008266778
1243	1036	4.16097498571018
1243	1060	3.917409434124069
1243	1079	3.896424294708332
1243	1081	3.539788879150286
1243	1090	3.979787789305856
1243	1091	2.813699505132168
1243	1148	4.472144681108787
1243	1172	4.2507380653816655
1243	1220	3.987874495878824
1243	1223	4.297352044993689
1243	1259	3.9925909837578666
1243	1265	4.065067274004012
1243	1297	3.609025463026222
1243	1304	4.294142621718586
1243	1370	3.517098287893829
1243	1380	3.403404949503191
1243	1391	2.775359880497584
1243	1394	4.022403610281457
1243	1425	3.372124872673221
1243	1441	3.4670918373722004
1243	1500	3.973507282068374
1243	1517	3.6389394915355737
1243	1565	2.9638172361318578
1243	1641	3.8818135457297855
1243	1747	3.509535915416286
1243	1923	3.8999926433937455
1243	1956	4.007969467292568
1243	1963	3.9731605018275062
1243	1968	3.841630016352579
1243	2000	3.8727291654941496
1243	2003	3.2735782751321483
1243	2007	2.817165318416438
1243	2065	3.684544863696553
1243	2100	3.509358967890916
1243	2108	3.749370217497422
1243	2124	3.162618301079637
1243	2134	3.2541733289840087
1243	2144	3.6579357461539614
1243	2145	3.305359412112136
1243	2150	3.732323160945169
1243	2243	3.781215832461596
1243	2245	3.478432958987116
1243	2262	3.23979561001976
1243	2289	3.9855620667213305
1243	2321	3.803427330168665
1243	2324	4.343616265169559
1243	2352	3.846751001926816
1243	2359	3.933699177075536
1243	2371	3.4321778970020422
1243	2384	3.3125731934344973
1243	2406	3.737712600485661
1243	2463	3.4240539805444383
1243	2469	3.2954982928420757
1243	2470	3.582618376660337
1243	2671	3.69899534988961
1243	2699	2.925438275093372
1243	2736	3.3608952559356364
1243	2746	3.2801656700964905
1243	2770	3.315113517022513
1243	2863	3.9867868152090655
1243	2915	3.6396404071478896
1243	2918	4.107127342819651
1243	2946	3.74115492508738
1243	2973	4.109856301779852
1243	3039	3.745302506137687
1243	3045	3.1709267290955023
1243	3052	3.6583620863372186
1243	3072	3.7502079326591367
1243	3077	4.279560225031676
1243	3083	4.0842857634922325
1243	3178	3.79192365637761
1243	3210	3.779017134057412
1243	3247	3.1185983536352477
1243	3261	3.4566038682621807
1243	3308	3.3561108848397105
1243	3361	3.821884120340716
1243	3408	3.873472074007516
1243	3421	4.129290710534185
1243	3429	4.237944907552983
1243	3501	3.4228894574292448
1243	3507	4.070256758542322
1243	3524	3.414355297897909
1243	3526	3.7174932095178055
1243	3591	3.3481360991063736
1243	3712	3.158943126830758
1243	3819	3.9708750570632256
1243	3836	3.929994440452306
1243	3897	4.271253613569277
1252	2952	3.861615951529683
1252	3115	3.4910795227507667
1252	3580	3.337747266825128
1252	3897	4.484704054574812
1252	3949	4.483489029714776
1260	3720	3.6755784211527502
1265	32	4.072141977729853
1265	47	4.190367451926692
1265	50	4.642057226018786
1265	94	3.8512647116122714
1265	111	4.289982213009149
1265	165	3.734271495706351
1265	216	3.308427948263589
1265	238	2.836745619742349
1265	260	4.577258802044812
1265	293	4.332352077745081
1265	296	4.442014574858871
1265	318	4.682870135752646
1265	375	3.5247309338701727
1265	525	3.469262685963931
1265	541	4.340121338459291
1265	593	4.495878374239502
1265	608	4.424014985474959
1265	619	2.8417150168643768
1265	750	4.587851257558524
1265	767	3.4886622484480188
1265	904	4.581129875248549
1265	909	4.200948552814589
1265	912	4.533037580692833
1265	916	4.302124242383966
1265	924	4.214798028022031
1265	954	4.407433044512864
1265	1006	3.2180202688726185
1265	1046	4.3261631517108325
1265	1186	3.7783576434854234
1265	1193	4.5028031081322455
1265	1199	4.245332376569914
1265	1206	4.193452470317305
1265	1222	4.23441039340391
1265	1230	4.268601927950839
1265	1247	4.389917213026616
1265	1258	4.20224288695323
1265	1292	4.060185332485351
1265	1411	4.053108993138353
1265	1617	4.358864578278618
1265	1635	4.000449334771884
1265	1639	3.899323362475119
1265	1673	3.880932140696935
1265	1704	4.315083938682057
1265	1952	4.244235711305717
1265	1956	4.166340812590141
1265	2318	4.081596009706795
1265	2324	4.469976531269851
1265	2329	4.371696829203943
1265	2336	4.137374364899125
1265	2571	4.451158681868246
1265	2596	3.6140988518509993
1265	2648	4.197604969584082
1265	2858	4.430818029173549
1265	2918	4.250749403422257
1265	2952	3.795458032683989
1265	2959	4.166338714204143
1265	2997	4.228134408951839
1265	3006	4.165569569506999
1265	3078	3.752678980211212
1265	3114	4.3664766578039576
1265	3160	4.022396006962483
1265	3181	3.91471694446607
1265	3185	3.4977541127008527
1265	3298	3.61532401726036
1265	3317	4.1226977063206665
1265	3362	4.102646943727807
1265	3408	3.98791269171883
1265	3481	4.02623456295045
1265	3509	3.031405259334992
1265	3512	3.81320998511816
1265	3535	3.33694524103656
1265	3556	3.668108288486757
1265	3578	4.229841046659709
1265	3624	3.780307138059717
1265	3897	4.407364442729462
1265	3910	4.027922237889956
1265	3912	2.6234559648417544
1265	3915	3.6264597255578193
1266	60	3.250905289084578
1266	157	2.59648823081151
1266	165	3.631052618381668
1266	313	2.861174490835411
1266	358	2.9595431609751373
1266	437	2.273102341059269
1266	593	4.474057297078882
1266	836	2.496519509537416
1266	888	2.4983710148092477
1266	1322	2.2775663143140537
1266	1544	2.2789102539028554
1266	1567	2.991923074049949
1266	1982	3.883550278750745
1266	2261	3.279922075395925
1266	2346	3.198642711813061
1266	2431	2.9558294894669475
1266	2585	3.600440394252025
1266	2639	3.058425298138548
1266	2671	3.54211181772156
1266	2754	2.992310557583501
1266	3254	2.5617501535529765
1266	3396	4.227725712007032
1266	3397	3.794136033052474
1266	3401	2.2102367096112534
1266	3462	4.094377829482461
1266	3571	3.2443817374481205
1266	3756	3.494444304305785
1266	3776	3.319767141574009
1266	3862	3.248978775600285
1274	272	3.5850308259623227
1274	581	3.828125982016666
1274	2173	3.5095615560098063
1274	2729	3.74258838845018
1274	3903	3.3765655090728823
1274	3910	3.7294424482881454
1274	3949	4.120651845152199
1285	2401	4.143860729422834
1285	2408	3.215789756349018
1285	3039	4.109859563749349
1301	3300	3.381757797140378
1303	903	3.961161602042651
1315	1269	4.573593105362299
1315	3317	4.360943048948335
1317	702	3.671239648858815
1317	2398	4.219889474039643
1317	2629	2.807035027527894
1317	2686	3.9630048914094975
1317	2946	3.948059234862386
1317	3556	3.7250893387693353
1317	3859	4.055725748048977
1347	11	4.042844107598583
1347	215	3.9113827615815135
1347	302	3.848727587091159
1347	357	4.030824161158166
1347	380	3.8570125649460087
1347	440	3.958359861833725
1347	539	4.080299278691849
1347	543	3.493259251660808
1347	555	4.016401353796065
1347	587	3.823975065747765
1347	708	3.586376722589302
1347	838	3.895250678514596
1347	902	3.984557326389906
1347	1059	3.341698518738616
1347	1441	3.5586768771174078
1347	1639	3.9830706540148704
1347	1658	3.085892978644172
1347	1733	3.2225387419477296
1347	1777	3.396859349663932
1347	1895	3.184805745445224
1347	2080	3.9512562109334
1347	2081	3.9858740635940175
1347	2125	3.762814129787222
1347	2166	3.538810720195136
1347	2424	3.608076894716796
1347	2496	3.4563588774650342
1347	2572	3.5711515684910564
1347	2581	3.3477142756527387
1347	2978	3.0167287395476703
1347	3081	3.577469482670406
1347	3536	3.8143365208817857
1347	3668	3.976607524833141
1347	3796	3.741446501193636
1348	39	3.90422560696064
1348	73	4.180311768318216
1348	107	3.3221035568649886
1348	1196	4.46307938121752
1348	1242	4.465494575034208
1348	1380	3.856169530548544
1348	1580	4.079632186295081
1348	1760	2.073048370904688
1348	1951	3.960515821271726
1348	2092	2.7305620412399154
1348	2125	4.00892833750165
1348	2194	4.240888620639158
1348	2202	4.216076475689077
1348	2571	4.584214854049009
1348	2718	3.2771675142640864
1348	2806	2.7520498351835747
1348	2918	4.30157056836316
1348	3098	4.05349562337496
1348	3159	4.018550406452963
1348	3408	4.118581651020332
1348	3551	4.1246618141138
1348	3882	3.531956582313436
1348	3911	4.356711745910789
1348	3916	4.189331238262578
1352	680	2.925917987322319
1352	750	4.101714854475512
1352	924	3.569857506618709
1352	1222	3.5714504617161325
1352	1252	3.949504610104745
1352	1263	3.6931042200019535
1352	3783	3.588588925876989
1355	1090	4.255143426183294
1355	2712	3.4925577712778013
1355	3188	4.269461655744318
1355	3189	3.887889041733404
1355	3510	4.002525616993376
1355	3911	4.363725281645409
1369	968	3.604174427730053
1369	1301	4.035308054060998
1369	1321	3.835187428847043
1369	1345	3.5312019569409743
1369	1356	4.414024573096328
1369	1371	3.4167010764435464
1369	2144	3.6875159782530416
1369	2145	3.474883687564099
1369	2186	4.384813309768801
1369	2393	3.786635578380463
1369	2539	3.4064568081721007
1369	3016	3.2513789577436216
1369	3018	3.899734755265964
1369	3499	3.831531858198132
1369	3535	3.428915665232229
1369	3676	3.6316342531069057
1369	3683	4.41371660274331
1369	3706	3.520327638512819
1369	3932	3.8360444393279662
1383	111	3.435966720780528
1383	1267	3.85139209577989
1389	45	3.422513077400947
1389	111	4.633246346913416
1389	150	4.510110540707976
1389	678	4.262089511715691
1389	904	4.76402137965123
1389	908	4.797658514848724
1389	913	4.6727156693241
1389	922	4.518426258232822
1389	969	4.478537509182954
1389	1050	4.015910816760971
1389	1231	4.293450426357144
1389	1246	4.072561131861888
1389	1307	4.31836646189177
1389	1682	3.885840696273583
1389	1730	3.675719411539569
1389	1957	3.941803621454033
1389	1961	4.249885702371532
1389	1982	4.139343573434362
1389	2018	4.099254900623886
1389	2321	3.919831263381846
1389	2336	4.11452837575241
1389	2359	4.0273401673746125
1389	2366	4.084983866315033
1389	2686	3.890203963343044
1389	2687	3.556657472911194
1389	2706	3.883321274875132
1389	2728	4.2010687217344325
1389	2791	4.671227011177906
1389	2959	3.479190055367719
1389	3000	4.171249035446079
1389	3098	4.097162106665096
1389	3181	3.886455176526536
1389	3253	4.355689647119323
1389	3359	4.274579766492815
1389	3361	4.274817297190824
1389	3386	3.6288947721088496
1390	3189	3.933644491734411
1390	3301	3.644755653180476
1390	3534	3.3241739609580536
1390	3785	3.096251215187741
1395	356	4.1449276942580005
1395	924	4.654806612914213
1395	1274	4.544464197515355
1395	2005	4.092472001956538
1395	2137	4.284360430597976
1395	2263	3.587282855430892
1395	2395	4.487493036947831
1395	2531	3.282258763624033
1395	2532	3.355008236740713
1395	2706	4.361008866312325
1395	3253	4.23277856941431
1395	3525	3.6114969981318175
1395	3879	3.1486230707734584
1413	47	3.903743050621251
1413	72	3.4279555821474426
1413	161	3.5038745660632795
1413	163	3.2518614149068488
1413	176	3.821965521420573
1413	190	3.69187252491314
1413	293	4.148178239276639
1413	593	4.125622335120027
1413	866	3.755204245167071
1413	898	4.089799235482938
1413	909	3.922910434106426
1413	933	4.040967137480569
1413	947	3.904583459802537
1413	1089	4.182506442414145
1413	1127	3.648327125562229
1413	1188	3.84940354314023
1413	1193	4.36585621795091
1413	1210	4.01636868892104
1413	1215	3.603327120540329
1413	1240	3.42003212927266
1413	1244	3.9677554500899417
1413	1248	4.103715533834021
1413	1256	4.0814163613789685
1413	1291	3.867293413583624
1413	1307	3.814440252678019
1413	1374	3.435842620933921
1413	1376	3.409707643491908
1413	1449	4.09697349095335
1413	1518	3.194926777982944
1413	1527	3.7013753568725183
1413	1610	3.764314771423844
1413	1653	3.7319876353763486
1413	1674	3.801985741972682
1413	1748	3.8081242055201607
1413	1834	3.975816076961217
1413	1845	3.6335165169323695
1413	1876	3.142285601145636
1413	1904	3.4559232390838197
1413	2000	3.5663585935399977
1413	2006	3.3984709128437904
1413	2194	3.783305224357065
1413	2206	3.875815487888295
1413	2267	2.7688918222511294
1413	2289	3.866083492944169
1413	2360	4.0231293936921695
1413	2396	4.315300187112131
1413	2529	3.4691655258915146
1413	2707	3.2387808413527006
1413	2763	3.43176045662897
1413	2952	3.515980184365929
1413	2973	4.026375794208756
1413	3008	3.6751391568718272
1413	3183	3.6006641311032346
1413	3354	2.408059767863521
1413	3362	3.820763416171894
1413	3518	2.8722383571891736
1413	3911	4.17818232518865
1415	112	3.149830781676485
1415	674	2.618312749219843
1415	736	2.9639473678908765
1415	858	4.152047810884663
1415	912	4.165709238095649
1415	971	3.702290697516687
1415	1015	3.0585505880302017
1415	1198	4.325815965849399
1415	1262	4.012656254343051
1415	1263	3.7857740186984175
1415	1356	3.580245079933423
1415	1806	2.616595646764724
1415	1879	3.655674870664845
1415	1894	2.594490588617992
1415	2193	3.192860870573705
1415	2470	3.216814252396844
1415	2987	3.672725598195568
1415	3037	3.6202254693999887
1415	3168	3.459014248603369
1415	3555	3.42716365735354
1415	3755	3.086508933029692
1415	3852	3.5019536102476403
1415	3901	2.249736803127888
1421	101	3.765784520661969
1421	608	4.534993612370018
1421	1094	3.6755233561433385
1421	1136	4.253127897046695
1421	1946	3.926780923477604
1421	2183	3.8913152564553646
1421	2300	4.053583028309903
1421	2318	3.910238177344463
1421	2571	4.130572858241041
1421	2858	4.291967909485097
1421	3608	3.402588593840492
1421	3949	4.1603812942913
1422	3159	3.338576649407305
1422	3784	2.9151596621170395
1422	3948	3.621555750475408
1425	266	3.5681182230627373
1425	372	3.5034256296516744
1425	1061	3.898867998098471
1425	1177	4.2242676883080525
1425	2025	3.636405836813869
1425	3078	3.995653545060845
1425	3183	4.032958799566459
1447	23	2.763456518105118
1447	101	3.7557370497680735
1447	168	3.0873384761260376
1447	188	3.1564947847689964
1447	599	3.88591184433568
1447	678	4.127385987929392
1447	720	4.368069076137678
1447	928	4.09847176702334
1447	1034	3.6572219983139
1447	1276	3.944783576691879
1447	1658	2.836824190942912
1447	1974	2.7353432444351258
1447	1979	2.6187220918540866
1447	2113	2.0827070603167552
1447	2282	3.4296778189264385
1447	2327	2.836447190114185
1447	2328	2.509814885261958
1447	2542	3.927516049316336
1447	2606	2.6692147984692927
1447	2649	3.277880866461345
1447	2761	4.37594283699074
1447	2976	3.21075606740363
1447	3016	2.9336186232434547
1447	3066	3.715564567864441
1447	3147	4.238907276751854
1447	3190	1.7839757303666175
1447	3285	2.3597422266433554
1447	3301	2.9443211755254604
1447	3477	2.6655673693378783
1447	3555	3.4892551961211744
1447	3726	3.425557643640029
1447	3948	3.9826800283567487
1457	3911	4.309184238859506
1457	3943	3.0469836964232293
1458	32	3.92984826628052
1458	47	4.048096075420643
1458	150	3.987449679510361
1458	223	3.933952965267586
1458	235	3.653333087763565
1458	337	3.8394638862977657
1458	541	4.239323429735917
1458	551	3.631282155931252
1458	588	3.803697673055315
1458	596	3.717911297597114
1458	608	4.335897742191268
1458	720	4.394163453440108
1458	750	4.398292419536286
1458	924	4.048056674379143
1458	1089	4.16713882449476
1458	1120	3.5151306592402074
1458	1136	4.278378574282411
1458	1194	3.461428098959013
1458	1199	4.087394354561997
1458	1208	4.147137406658566
1458	1210	4.300705604194076
1458	1345	3.463949570885265
1458	1387	4.058105745152072
1458	1565	2.9334046273831773
1458	1639	3.692646463241835
1458	1673	3.7654036896260425
1458	1704	4.178196668454068
1458	1721	3.596260149657634
1458	1748	3.872413066163486
1458	1923	4.167729192293699
1458	1968	3.788161570016777
1458	2081	3.686345416646683
1458	2174	3.460999099130493
1458	2391	3.7552174563659664
1458	2455	3.408516730722059
1458	2529	3.6270822488239904
1458	2580	3.776470156769012
1458	2682	3.951301127213497
1458	2700	3.693442454145716
1458	2871	3.8541714581523374
1458	2890	3.8590210113654937
1458	2918	4.059437609497711
1458	2959	4.1292682570800565
1458	2987	3.7480594245587553
1458	3114	4.3392326390063625
1458	3608	3.2789899098856994
1458	3624	3.529933350524608
1458	3751	3.89071559669608
1458	3949	4.223076019623722
1484	16	3.670566906083489
1484	25	3.6689231661285513
1484	45	3.206746454058763
1484	47	4.065797167456713
1484	50	4.625448183152559
1484	57	3.307944775145508
1484	58	3.9187322237672406
1484	83	3.450827283555989
1484	85	3.3099859646324483
1484	117	3.542481881730458
1484	144	3.2041017417140205
1484	149	3.6318772463205695
1484	150	4.035213153936319
1484	157	2.5810720645503813
1484	194	3.5912716142941283
1484	208	2.683829413806257
1484	216	3.069432040090392
1484	223	3.8868738394659545
1484	229	3.3208906319786737
1484	259	2.728625010355549
1484	265	3.8105320487807903
1484	272	3.595898105129277
1484	299	3.659928480890197
1484	300	3.727156174837978
1484	312	2.469752426504652
1484	314	3.7222456596543863
1484	337	3.7894949292669993
1484	356	4.027886824993158
1484	367	3.1684732408259686
1484	369	3.25883292838991
1484	373	3.789277810845125
1484	377	3.463415674813286
1484	380	3.2059105842956077
1484	428	3.801272267461159
1484	431	3.608757696636314
1484	440	3.7812812398636177
1484	454	3.520265374538052
1484	457	3.538758292099815
1484	461	3.1871113911091062
1484	468	3.136035408807266
1484	475	3.795421382566432
1484	481	3.284908474233403
1484	493	3.4040123237866164
1484	500	3.2968467847694924
1484	507	3.438448115807458
1484	509	3.548731871161205
1484	520	2.9156010149290035
1484	527	4.303067322165352
1484	531	3.66007841054909
1484	555	3.788509834235375
1484	585	2.9857001159005527
1484	586	3.2407425456843457
1484	590	3.8714131817217687
1484	599	3.872230730363639
1484	627	3.4502953681310897
1484	632	3.6203607692059214
1484	635	3.4737777813184145
1484	648	3.0838972108485248
1484	663	3.546371287765264
1484	708	3.314350080381312
1484	720	4.305454509635574
1484	728	3.665750588082614
1484	764	3.2390446195451084
1484	766	3.4673002911138298
1484	806	3.0490391321081853
1484	858	4.49551451617562
1484	882	2.511189299142249
1484	884	3.361029820430536
1484	893	3.4985572700990524
1484	924	4.182087896197191
1484	991	3.443773451930128
1484	999	3.126865014385159
1484	1054	3.2523107929784203
1484	1057	3.466370029199496
1484	1092	3.349194751176212
1484	1093	3.2175346034551944
1484	1120	3.409929466982591
1484	1147	4.237321460166543
1484	1245	3.9093450532128897
1484	1258	4.073468506913406
1484	1266	4.038691098621015
1484	1268	3.3339719818730464
1484	1343	3.5234418143688444
1484	1358	4.25296729901599
1484	1365	3.623027381378901
1484	1405	2.8639274488137776
1484	1408	3.713988017042797
1484	1513	2.9228866769334254
1484	1542	3.427085802379948
1484	1617	4.360924836032655
1484	1619	3.2197639073212034
1484	1682	3.8090802634901992
1484	1693	3.662984656197656
1484	1701	3.3493147409044277
1484	1711	2.9813470406420577
1484	1747	3.242290180277201
1484	1788	3.690728017243349
1484	1845	3.7500280460282136
1484	1885	3.674023787802741
1484	1909	3.227159686651551
1484	1912	4.008156847746594
1484	2028	3.776922116057943
1484	2112	3.452668491040852
1484	2124	2.940324195891832
1484	2231	3.518073658852368
1484	2249	3.0452749749577706
1484	2268	3.7328956063854855
1484	2269	2.705914305836315
1484	2278	3.431783016545168
1484	2302	3.6245132613178255
1484	2318	3.87320977035248
1484	2320	2.8996007784454263
1484	2329	3.965468566643981
1484	2391	3.7936040383659737
1484	2683	3.437964640973988
1484	2692	4.21124123341295
1484	2702	3.0050022641625227
1484	2710	2.622050550951079
1484	2712	3.157203738810781
1484	2762	4.163345713692973
1484	2770	3.2852244463034084
1484	2805	2.8031826640170654
1484	2890	4.042726698553983
1484	2952	3.5437594335176814
1484	2965	2.471105519664312
1484	3000	4.00400668440253
1484	3020	3.332617059218597
1484	3044	3.660501423286942
1484	3083	3.975259380595801
1484	3105	3.744953570165981
1484	3120	2.9525849522923235
1484	3129	3.5673095022994725
1484	3141	2.98346247434432
1484	3246	3.82359642215788
1484	3247	2.993444221498539
1484	3255	3.552958395375802
1484	3263	3.142860028560112
1484	3267	3.667874914545299
1484	3274	2.839804061057553
1484	3386	3.68440699609466
1484	3396	3.752015340959348
1484	3418	3.853920048119602
1484	3499	3.880674612782201
1484	3527	3.2561745614841726
1484	3671	3.9668960583732473
1484	3712	3.0393397340872603
1484	3809	3.258919789905245
1491	900	3.204161043100423
1491	2693	3.5062706890830486
1491	3396	3.686207348770498
1491	3910	3.359253823831634
1501	3578	4.446867239671563
1501	3751	3.968481202530026
1501	3893	4.017705682305674
1505	3618	3.37951688345631
1519	230	3.206138579846229
1524	180	3.9554151155632207
1524	480	3.8796743467933057
1524	903	4.5507076116894645
1524	1544	2.8710430379391942
1524	1921	4.079706101818897
1524	2183	4.205507652436257
1524	2706	4.016874965429182
1524	3461	3.771395336929324
1546	246	4.409621164534146
1546	1544	2.933679493782223
1546	1907	3.816535520681253
1546	2622	3.4477070231717777
1546	3897	4.377873095468098
1546	3949	4.438527431732761
1551	543	3.4822928381029463
1551	1079	4.152423408316955
1551	1208	4.344692479174611
1551	1250	4.541387529168192
1551	1252	4.405536119337513
1551	1262	4.516005180061404
1551	2109	3.931911112900315
1551	2160	3.961522806504288
1551	2278	3.6554075929847873
1551	2889	3.4642411420842687
1551	2993	3.7922043178458393
1551	3055	3.6316668152554334
1551	3317	4.138265967761148
1551	3362	4.1033251146888565
1551	3396	4.009555344716335
1551	3556	3.674070409137486
1551	3618	3.5248058914012605
1551	3814	4.135516557516061
1556	11	3.5139759630667333
1556	34	3.894081544980526
1556	223	3.697989859328545
1556	258	2.060834082990575
1556	333	3.082986818850063
1556	354	2.825073486382452
1556	899	3.886576650012073
1556	1021	2.5664538491015123
1556	1215	3.3756480311741326
1556	1221	4.2666248337578265
1556	1246	3.6119868958635393
1556	1260	3.8585726165969128
1556	1287	3.799506813149219
1556	1544	2.880490249197912
1556	1917	2.7124035752051845
1556	2932	3.7255113216952034
1556	3225	2.3942963974593723
1556	3435	4.06452626597297
1556	3566	3.0196492664734884
1556	3751	3.8418435869764194
1556	3753	3.919316538047797
1556	3871	3.411682730565365
1560	10	3.599503812213586
1560	17	4.050780444215884
1560	39	3.711162065652131
1560	110	4.392615412484817
1560	172	2.650721271825773
1560	208	2.826082421401272
1560	260	4.481384721012728
1560	303	3.104025852119428
1560	316	3.5495451004127925
1560	376	3.350405815817034
1560	377	3.755893668826135
1560	380	3.771192102398984
1560	457	4.094677591480618
1560	780	3.67285546432
1560	898	4.350062171843822
1560	899	4.390255085151835
1560	902	3.93628610222053
1560	945	4.26172693961798
1560	969	4.324177130249205
1560	1036	4.270972205898233
1560	1037	2.692751319956476
1560	1049	3.465835016897401
1560	1197	4.363878723549131
1560	1210	4.024829364219678
1560	1215	3.8311470139930703
1560	1220	3.96499577674215
1560	1222	4.155906422133543
1560	1242	4.288059577808904
1560	1265	4.198259956893423
1560	1275	3.87963159942451
1560	1291	4.277255814767572
1560	1307	4.101385730942441
1560	1374	4.027127772655494
1560	1375	3.396536227645505
1560	1378	3.5131022214245595
1560	1379	3.1636221026702667
1560	1387	4.1742903290566105
1560	1527	3.70009866520787
1560	1573	3.475191098691884
1560	1580	3.8597985103165056
1560	1639	3.862759764151867
1560	1801	3.186479831287212
1560	1876	3.2726424919603083
1560	1917	3.2948939676040028
1560	1954	4.075614498643673
1560	2001	3.66534253158356
1560	2006	3.595421362108471
1560	2115	3.786292720085617
1560	2125	3.7836330378673417
1560	2167	3.607314866958112
1560	2193	3.6418092158172
1560	2194	4.054424610323927
1560	2248	4.08148829420325
1560	2253	2.561736441210144
1560	2363	3.5292306515132674
1560	2366	3.782594505992795
1560	2376	3.325195929450187
1560	2406	3.862681812355307
1560	2468	2.8467262749745634
1560	2529	3.831379014254309
1560	2571	4.394521436721627
1560	2613	3.216415644532013
1560	2617	3.4365585182997105
1560	2628	3.518008973454703
1560	2640	3.636444273424517
1560	2723	3.123135402220301
1560	2748	2.373514564648287
1560	2815	2.6996596866873666
1560	2916	3.8040533196000768
1560	2944	4.060095487050871
1560	2985	3.638171572998891
1560	3000	4.2636495342221465
1560	3104	3.93314261655968
1560	3418	3.750987012496054
1560	3441	3.3908411677774613
1560	3444	3.286757068011337
1560	3519	3.3962774804984277
1560	3612	3.654736247257391
1560	3633	3.496877898202108
1560	3646	2.587805164315385
1560	3698	3.299721197236821
1560	3702	3.8023649641015527
1560	3703	3.814873338334952
1560	3704	3.2578983448962933
1560	3763	3.619000728229891
1560	3785	3.0295392161120605
1560	3889	2.417731713449227
1579	1013	3.5026864256944843
1579	1091	2.681993199768329
1579	1204	4.198556218518914
1579	1285	3.3570367306383457
1579	1287	4.236835746137922
1579	1378	3.1922892957079925
1579	1895	3.0728643575197228
1579	2077	3.487394328611189
1579	2145	3.090968749120194
1579	2248	3.923660204222443
1579	2301	3.223832336911481
1579	2374	2.748007876368176
1579	2378	2.961202621102793
1579	2389	2.325016244369255
1579	2423	3.2986441378410984
1579	2431	3.0401221304224766
1579	2792	2.767524272860931
1579	3068	3.811891821188278
1579	3087	3.3577014306110278
1579	3331	2.638343796012801
1579	3525	2.907516988958815
1579	3535	3.1036770765645407
1579	3555	3.25575322921182
1579	3597	2.65433732125548
1579	3624	3.1865549317067963
1579	3717	2.6526694349762368
1579	3751	3.472445843958828
1579	3755	3.4596823525568707
1579	3784	3.284931284586127
1579	3798	3.2812225080812407
1579	3825	2.6913539098053274
1584	3949	3.917316847285732
1597	165	3.3147424191049857
1597	190	3.6414228653519776
1597	356	3.920657156589369
1597	364	3.7054256457890657
1597	457	3.905678823547579
1597	593	3.588465620829524
1597	741	3.8504907435054303
1597	923	4.176730435382842
1597	924	3.817414268174714
1597	1036	3.768925942631953
1597	1073	3.457801451122492
1597	1090	3.735826760239634
1597	1092	3.188180925557292
1597	1147	4.152317950378399
1597	1197	4.242628139785761
1597	1206	3.886727718561964
1597	1222	3.811897101804862
1597	1274	3.7400144860387687
1597	1285	3.6916246803961927
1597	1293	3.957874643924452
1597	1321	3.4911259918635085
1597	1370	3.264511692473352
1597	1388	2.4421949701613417
1597	1405	2.6890876385630134
1597	1449	3.9658631509865785
1597	1785	3.128041044006703
1597	1875	3.3856188963536837
1597	1955	3.6511574917840126
1597	1956	3.867486614960986
1597	2005	3.238827186662237
1597	2081	3.662105258404315
1597	2245	3.2917662691132006
1597	2268	3.68887254761682
1597	2294	3.1885372333418824
1597	2340	3.0584027895875336
1597	2365	2.4198259627355947
1597	2366	3.603937699070803
1597	2421	2.554278687968662
1597	2470	3.034472140827946
1597	2602	3.447311181264699
1597	2639	3.034585214409451
1597	2687	3.3938958079195354
1597	2700	3.4535500516417725
1597	2712	3.642613238986724
1597	2810	3.899737642960033
1597	2890	3.648489327885724
1597	2916	3.404030652204851
1597	3052	3.5939493021144475
1597	3108	3.50641780184927
1597	3253	3.3284613148897595
1597	3264	2.861266780285595
1597	3396	3.743121526820013
1597	3471	3.70948743688216
1597	3525	2.7245922896808064
1597	3551	3.606317128005045
1597	3683	3.9871328442053513
1597	3725	2.860863210281036
1599	1289	3.3368563745871933
1599	1584	3.562228651293524
1599	1674	4.217265143957243
1599	2398	4.08541521196749
1599	2554	3.184485077148969
1599	3052	3.170511422956412
1599	3243	2.7896578140745585
1599	3285	2.594544680258484
1599	3720	3.648779223963978
1599	3901	2.388470266287637
1605	306	3.942181731610108
1605	417	3.310989055110557
1605	581	3.806370835742903
1605	896	3.2571111191831026
1605	1185	3.803808979380802
1605	1617	3.838423141606613
1605	1814	3.0835753037000333
1605	1859	3.572036090795478
1605	2390	3.682036630697775
1605	2441	3.3008426258283547
1605	2443	3.514032367687244
1605	2504	2.689777305716792
1605	2826	2.973245139968066
1605	2919	3.7092554287543806
1605	3117	3.17301291760636
1605	3127	2.943208292657535
1605	3179	3.3639994755394937
1605	3510	3.7479285538615295
1605	3624	3.6037977448713816
1605	3865	3.097988175077276
1605	3949	4.200217196408604
1611	25	3.770928888256155
1611	144	3.658887898799572
1611	300	3.991708804767921
1611	361	3.7384255682751673
1611	376	3.367900494557828
1611	1057	3.8912703754944697
1611	1080	4.536349837273692
1611	1136	4.536313934962518
1611	1301	4.212359361204868
1611	1835	3.2817676605169805
1611	2034	3.3661222187158293
1611	2409	3.7457766340829854
1611	2410	3.357312077575405
1611	2412	2.3532960807398458
1611	2546	3.304308242833199
1611	2686	4.100891407878016
1611	3052	4.238206146745222
1611	3145	3.705589332805676
1611	3285	2.9252611377515207
1611	3408	4.061304931207445
1611	3614	3.68885424697016
1611	3698	3.4245773309857883
1611	3785	3.0797009874019645
1611	3791	3.3505971606680123
1624	180	3.198731645170138
1624	223	4.512887746108818
1624	1258	3.5196424280029537
1624	1449	3.672828156144937
1624	1639	3.192883691488664
1624	2005	2.8235978883684933
1624	2137	3.611104882419186
1624	2149	2.0191763781998624
1624	2268	3.5561968744059973
1624	2421	2.292349403646407
1624	2422	1.7766534457264358
1624	2639	2.7233821975752805
1624	2671	3.032277527147135
1624	2706	3.67435510477078
1624	2730	3.124992871554531
1624	3052	3.4978040253491107
1624	3254	2.424873297039074
1624	3396	3.841329818662525
1624	3397	3.2358396655972506
1624	3398	3.059480579946999
1624	3525	2.7531260290934454
1624	3918	2.409046990690756
1643	272	3.9475466227409584
1643	587	3.7838276071097434
1643	924	4.409957120625904
1643	1090	4.274178930828458
1643	1206	4.316740397884747
1643	1258	4.320739289590272
1643	1370	3.883300805951527
1643	1954	4.319458284660446
1643	2268	4.205519956143707
1643	2340	3.5304497550170297
1643	2421	3.039233929498519
1643	2617	3.552216536102431
1643	2671	3.9396088876258295
1643	2712	3.457745314380347
1643	2729	4.066719146676773
1643	2730	3.832710563401842
1643	2973	4.359429250010258
1643	3052	3.9619067416682032
1643	3254	3.118241354221595
1643	3471	4.358175557271958
1643	3740	3.697730606344052
1643	3911	4.3559221869513305
1645	457	4.283889890326583
1645	834	3.631278189798587
1645	836	3.6764494097648326
1645	904	5.367027279552566
1645	1222	4.686238924566319
1645	2035	4.0365238248892
1645	2137	4.63052273326711
1645	2340	4.0855915609928
1645	3827	4.359116188880167
1647	157	2.51831008393409
1647	165	3.3142359894534748
1647	262	3.9136144003410935
1647	836	2.448311167091084
1647	940	3.805238987603244
1647	1012	3.641144520780293
1647	1042	3.3812315368461325
1647	1274	3.9478704900149872
1647	1370	3.469223192703634
1647	2018	3.792948783171566
1647	2412	2.06120104345818
1647	2431	3.090191320088902
1647	2565	4.048017274343836
1647	2671	3.3126306803010266
1647	2951	4.052913573909169
1647	3098	3.6351793889438992
1647	3327	3.3319036457385547
1647	3761	3.1874185215569653
1647	3865	3.262591382938409
1647	3911	3.8960316127224575
1655	50	4.891979086641163
1710	1399	3.243051129017241
1715	593	4.41232427318526
1715	1036	3.988574407245691
1715	2769	3.17776574390625
1716	3949	4.238572215476768
1717	25	3.869545623102025
1717	34	4.164708716209155
1717	190	3.949372206079794
1717	363	4.338705399229697
1717	549	4.076413091100337
1717	608	3.914599795446629
1717	969	4.392847581084273
1717	1066	4.21556042379486
1717	1094	4.052495528300163
1717	1172	4.348974424210739
1717	1235	4.15755058033025
1717	1247	4.370641175285363
1717	1249	4.124983301148082
1717	1265	4.188605050061504
1717	1281	4.043156109387566
1717	1358	4.336092135420156
1717	1387	3.978282787047856
1717	1511	3.763132877227158
1717	1537	4.254250562523412
1717	1947	3.815529718369485
1717	1950	4.30440333244935
1717	1956	4.15243891862344
1717	2028	4.207387239861752
1717	2202	3.985176194728973
1717	2324	4.405358567776075
1717	2692	4.265046648425643
1717	2819	4.279387771720473
1717	3089	4.579592922631457
1717	3167	3.9111229430814007
1717	3347	4.102776681063646
1717	3386	4.045665196108324
1717	3416	4.011955339283816
1717	3421	4.255555720949151
1717	3504	4.35420312693532
1717	3509	2.9591861239957784
1717	3787	4.0171358732314175
1717	3897	4.54630391295044
1733	25	3.7695146188621727
1733	34	3.774593409233635
1733	42	2.6364711364090203
1733	149	3.6208250751040447
1733	183	3.368947588348974
1733	283	2.9708641517519574
1733	320	3.3087143155265792
1733	356	3.5439913124013294
1733	492	3.626738355970694
1733	494	3.155892919287074
1733	514	3.2526997798075445
1733	778	4.11780318600224
1733	882	2.582632566776384
1733	910	4.140971852527523
1733	1060	3.560040047971695
1733	1212	4.371497760383577
1733	1389	1.8468024267641807
1733	1529	3.1865438691657872
1733	1644	2.227726077400406
1733	1858	3.1960952542332404
1733	1880	3.0511439817393757
1733	1993	1.840146270931641
1733	2138	3.558991832926148
1733	2149	2.291630672276498
1733	2338	1.8492421467571392
1733	2340	3.232471844972018
1733	2460	2.261519732301432
1733	2462	1.7077016915412486
1733	2465	2.5983675640322628
1733	2513	2.8887184173238385
1733	2660	3.805494175987288
1733	2668	2.495551548334636
1733	2725	3.585458261954879
1733	2880	3.3049196119265454
1733	2885	3.4076915557030727
1733	2985	3.6135408935383215
1733	3006	4.095874210387935
1733	3017	2.3416478137411354
1733	3052	3.63796393576756
1733	3219	2.9397123105263163
1733	3253	3.298152696176369
1733	3254	2.698700673283277
1733	3319	3.0893887778069784
1733	3355	2.788285467220037
1733	3573	1.9293246198026748
1733	3696	2.7916659790759555
1733	3783	3.820570779546864
1733	3794	3.278355498407049
1733	3852	3.5468420334535677
1733	3858	3.049875862158015
1733	3951	3.821168559539029
1748	157	2.6014962338915115
1748	435	2.316608874647495
1748	587	3.410998799798548
1748	635	3.398747039423436
1748	678	4.075444922048044
1748	694	2.603022225242703
1748	836	2.4540884644810457
1748	910	4.100794882312002
1748	1047	3.205642020486445
1748	1221	4.33841874538545
1748	1258	3.9654562915954026
1748	1372	3.2615390885260576
1748	1373	2.4657430500103703
1748	1544	2.614039828272894
1748	1653	3.480461597405716
1748	1948	3.814097940014919
1748	1958	3.438654080259941
1748	2023	3.126093937854384
1748	2137	3.70912168292842
1748	2268	3.761965932952808
1748	2273	3.3720319644505543
1748	2393	3.1380181889562206
1748	2409	2.9883406155338776
1748	2410	2.747832381950787
1748	2411	2.56408331706608
1748	2412	2.087205269998432
1748	2527	3.2840648131016845
1748	2530	2.865688400517508
1748	2531	2.6251322194345184
1748	2532	2.767593436693245
1748	2533	3.026817150906981
1748	2617	2.933256878904209
1748	2700	3.245437501738548
1748	2936	3.771766407806166
1748	2967	3.489026275815915
1748	3145	3.204867965794437
1748	3230	3.624128383068434
1748	3318	3.1427066559924564
1748	3683	4.019844061839383
1748	3852	3.512448559537912
1748	3906	3.0940678817407727
1748	3916	3.7282830612518167
1748	3950	3.248312208008156
1752	356	5.108716280796388
1752	1088	3.5942537385576254
1752	1263	4.063338420253659
1752	1268	3.640743389377512
1752	1289	3.825861913014953
1752	1299	4.352060372932118
1752	2248	3.9371113866672
1752	3148	4.080661272038396
1752	3852	3.754517409468957
1752	3916	4.048980396071854
1767	457	3.951213403046175
1767	1258	3.728970361368338
1767	2347	3.547588255149725
1767	2640	3.193923970783484
1767	2712	3.118397293762153
1767	3357	3.6372342718980266
1776	327	2.6294999527028016
1779	2502	3.877176298305102
1779	2606	2.788558455257707
1779	2672	3.132456892406203
1779	2683	3.562477373792151
1779	2722	2.768530480411349
1779	3753	3.166323392930085
1780	3	2.2381593724009035
1780	50	3.845864980967368
1780	364	2.900080472012418
1780	420	2.043016170611323
1780	454	2.9476976234317105
1780	515	3.3808979241954025
1780	594	3.0806103076689797
1780	802	2.859659444644609
1780	852	2.691266748185618
1780	933	3.503415165010863
1780	1022	2.944141405228377
1780	1028	3.2328995608358024
1780	1078	3.2464254797695418
1780	1096	3.4183995338871247
1780	1125	3.1355902268073312
1780	1135	2.5728644759772346
1780	1234	3.882578996873901
1780	1256	3.525121770740327
1780	1282	3.1303840884351115
1780	1296	3.5519361153547777
1780	1358	3.634983911443977
1780	1428	2.5363775848358983
1780	1432	2.1225006383038134
1780	1682	3.3230618426856178
1780	1747	3.06242259879879
1780	1835	2.574941170127093
1780	1918	2.3815893761378235
1780	1923	3.5120276484598096
1780	1961	3.4842661804747146
1780	2081	2.994546605651994
1780	2085	2.667050020130276
1780	2100	3.0853356180279614
1780	2123	2.3121544904962583
1780	2366	3.2179254366876973
1780	2450	1.5317224251374064
1780	2529	3.1032933179509543
1780	2530	2.3302670806726558
1780	2532	2.3189598328101044
1780	2533	2.548771845380095
1780	2687	2.7998353866911687
1780	2866	3.121783185796158
1780	2918	3.6695186820738432
1780	3035	3.5184070126091624
1780	3418	3.068658265844599
1780	3505	3.290730612826944
1780	3628	2.814507942061044
1780	3926	2.7652661620539223
1812	748	4.118863562473234
1812	1047	3.980293511664805
1812	1320	3.889076057344936
1812	1321	4.082750615692865
1812	1699	3.5403992969745275
1812	2188	3.3716048184996805
1812	2793	3.049519749377789
1812	2797	3.9360364510497865
1812	3841	3.08190362187194
1824	3298	3.3188940635316992
1824	3301	3.330840214071757
1824	3317	3.866840239755328
1824	3510	3.720846341541408
1824	3536	3.593846583364721
1824	3751	3.699061361215625
1824	3752	2.8492799289697364
1824	3784	3.3107587213728262
1824	3825	2.6513270357648797
1824	3861	3.0613944489480893
1824	3863	3.086773571172858
1824	3897	4.164753566902066
1824	3901	2.34558621223065
1824	3948	3.4340777075526865
1824	3949	4.128229615834103
1837	3285	2.61249796764089
1837	3594	3.476802626178213
1837	3717	2.6647238945348786
1837	3798	2.95615139084841
1837	3826	2.445142034352008
1837	3852	3.573931609810003
1837	3896	3.224185189921559
1837	3897	4.024837315772466
1837	3916	3.875059105593733
1837	3952	3.627084069283225
1842	11	4.271969069871014
1842	21	4.090571237968059
1842	24	3.6160599854301454
1842	25	4.375685093214963
1842	62	4.196836274328919
1842	70	3.6819161036694026
1842	86	3.9642712115749017
1842	94	4.324191231871658
1842	111	4.855290997873819
1842	112	3.963434930550705
1842	145	3.744621820506195
1842	155	3.7099420484463352
1842	163	3.964340427539666
1842	164	4.078404047451734
1842	165	4.016767962749298
1842	194	4.35667957155349
1842	223	4.449337640399479
1842	262	4.461678507387159
1842	280	4.085762588582332
1842	281	4.193998325604932
1842	288	3.912861001944256
1842	322	4.1865829920242
1842	339	4.051866811793796
1842	342	4.248424739629096
1842	349	4.220132406499379
1842	350	3.904337423355559
1842	354	3.7565050302934697
1842	367	3.931166353048982
1842	380	4.140278864947619
1842	407	3.384824883865801
1842	420	3.114827270796993
1842	440	4.353027624272897
1842	480	4.426841305892349
1842	514	3.994844952200765
1842	541	4.65957059230332
1842	555	4.421725017560472
1842	597	4.276833807486358
1842	605	3.860014202769906
1842	627	4.15879224142704
1842	628	4.265249696283134
1842	661	4.047830003003126
1842	662	3.418483164856928
1842	671	4.333534584643514
1842	785	4.047586937628081
1842	832	3.9625433982001086
1842	836	3.196453698421742
1842	858	5.058728976138353
1842	903	4.888711861208036
1842	910	4.807925505652096
1842	953	4.890002685102213
1842	991	4.120402619049233
1842	999	3.776002096024402
1842	1034	4.164626845138937
1842	1036	4.626440293024737
1842	1049	3.825856010345276
1842	1077	4.503373927773935
1842	1079	4.59893233769426
1842	1084	4.6864754089519725
1842	1093	3.991275342175421
1842	1111	4.582069110613903
1842	1127	4.358266532052458
1842	1136	4.750290258924482
1842	1212	4.999011260984646
1842	1218	4.683968642982349
1842	1220	4.319511637178565
1842	1223	4.874967408086114
1842	1224	4.778151940441076
1842	1225	4.812556839781469
1842	1246	4.479151242351266
1842	1256	4.875857222111324
1842	1263	4.68938204567498
1842	1282	4.625913004365808
1842	1285	4.377954731943792
1842	1288	4.895606271931963
1842	1292	4.573807732744575
1842	1294	4.692773499130679
1842	1295	4.316153679175134
1842	1302	4.443943538541427
1842	1321	4.28226298285095
1842	1333	4.367125826809137
1842	1356	4.231873658515873
1842	1370	4.0659239700593535
1842	1391	3.4274754587567555
1842	1393	4.492544858310945
1842	1404	3.685719463072284
1842	1447	4.025082912541391
1842	1464	3.929238950390763
1842	1476	3.977230770368161
1842	1485	3.963826777921917
1842	1500	4.359697445410862
1842	1513	3.630262435023453
1842	1518	3.929721076379826
1842	1527	4.139026678352459
1842	1542	4.128550480674396
1842	1569	3.92858543386704
1842	1573	3.924111782580331
1842	1580	4.236549833677006
1842	1589	3.8955483846661103
1842	1600	3.4389234052114803
1842	1625	4.410537114045331
1842	1635	4.564813090737054
1842	1645	3.965086513530671
1842	1647	3.494539997928022
1842	1672	4.223203734957665
1842	1680	4.304318308550141
1842	1682	4.500919878032038
1842	1693	4.26897080482417
1842	1747	4.111550629835833
1842	1753	3.713388249428365
1842	1754	3.856726799985164
1842	1784	4.629010341724906
1842	1810	4.094078191750437
1842	1816	3.6315879307939696
1842	1827	4.4353477082437625
1842	1840	3.955590729675264
1842	1856	3.772157303009825
1842	1858	3.92512112900959
1842	1883	4.109907073857075
1842	1889	4.301384081443777
1842	1909	3.999663629816631
1842	1911	3.377823734035285
1842	1945	4.823910552352477
1842	1958	4.270765612593227
1842	1961	4.719140217406957
1842	1968	4.456723761132614
1842	1982	4.3330075974816245
1842	1997	4.545615003059205
1842	2022	4.050222418765221
1842	2058	4.074875447296522
1842	2064	4.654948074661609
1842	2065	4.256388056722419
1842	2114	4.151326112268846
1842	2118	4.342907951958559
1842	2155	3.8623526429232378
1842	2167	4.0576292616841085
1842	2176	4.49272933746305
1842	2186	4.811411644459445
1842	2188	3.2464400047632904
1842	2194	4.453200611259636
1842	2208	4.729117894377553
1842	2231	4.155631484659385
1842	2268	4.457991502380883
1842	2273	4.0010814212047965
1842	2278	4.029155606948815
1842	2294	4.059672812143581
1842	2302	4.296468064119519
1842	2353	4.112616755450727
1842	2366	4.263395677777877
1842	2391	4.404461293687651
1842	2394	4.136937057149528
1842	2427	3.9845828418810023
1842	2428	3.279989954472469
1842	2431	3.652330371786696
1842	2433	3.907259852799888
1842	2440	4.065980771890457
1842	2447	3.6340936654653295
1842	2467	4.309999373988744
1842	2490	3.923614442315368
1842	2539	3.961245453101823
1842	2541	3.720654016557465
1842	2546	3.5914006629859947
1842	2567	3.7945512379173647
1842	2568	2.7020632869270638
1842	2572	3.822328452259263
1842	2574	3.3241609142796285
1842	2581	3.751814014638106
1842	2598	3.6868592211096978
1842	2657	3.854209209217424
1842	2671	4.216342027967801
1842	2672	3.656016912709736
1842	2683	3.75312624254717
1842	2686	4.439196532917531
1842	2688	3.486236590876465
1842	2694	3.4680823246383548
1842	2699	3.466225060646445
1842	2700	4.147362276100643
1842	2701	2.5891968331928275
1842	2707	3.917893376529342
1842	2709	3.746987106892966
1842	2710	3.4289231696207465
1842	2713	2.931074580417592
1842	2718	3.542066241105167
1842	2719	2.914571165353488
1842	2722	3.469020880771948
1842	2723	3.432459130214613
1842	2763	4.0544917819670765
1842	2770	3.8683915353606375
1842	2791	4.517316738151468
1842	2805	3.383954395494184
1842	2806	3.0149291067650963
1842	2841	4.141713916973133
1842	2881	3.525786889478685
1842	2883	4.2132486606444886
1842	2889	3.830242454954413
1842	2907	2.9335991906717616
1842	2961	3.19300137846996
1842	2976	3.7300423249634544
1842	2985	4.159475203842565
1842	2987	4.376041991434554
1842	2991	4.0957022729409855
1842	2995	2.950701094295716
1842	3052	4.356914775207054
1842	3148	4.567495821318398
1842	3159	4.398890482995286
1842	3160	4.905442022459791
1842	3175	4.331068727953163
1842	3176	4.185127499652303
1842	3181	4.371985280266419
1842	3201	4.578718698711908
1842	3203	4.223284394240396
1842	3204	4.203721279759852
1842	3249	3.5887436885596573
1842	3252	4.346538811016568
1842	3256	4.195352032811393
1842	3271	4.337667087936239
1842	3354	3.133789254122765
1842	3363	4.627199307556114
1842	3420	4.16679708448564
1842	3448	4.286775322475822
1842	3461	4.09310494923821
1842	3471	4.675650802096003
1842	3477	3.5510068972403728
1842	3547	4.246572235020649
1842	3553	3.319853086678968
1842	3623	3.714477901477818
1842	3671	4.465668806893785
1842	3686	3.791426594695498
1842	3745	4.109875963083696
1842	3809	3.874080677542721
1851	165	3.000801156889993
1851	172	2.237989699277976
1851	173	1.664762083977327
1851	185	2.350567618761768
1851	190	3.1702075879995784
1851	196	2.424141589936403
1851	256	2.003494514172383
1851	258	1.8368305019440363
1851	272	3.1068348618987174
1851	338	2.346413853229948
1851	356	3.0849096465892822
1851	379	2.366681395841618
1851	405	1.6283977888270085
1851	435	1.8516041430487735
1851	457	3.1567299268545046
1851	461	2.856037186096466
1851	512	2.2904577159215926
1851	519	1.4964339610964907
1851	546	1.3850086484327289
1851	674	2.2705510019449173
1851	737	1.5249937235831676
1851	748	2.7617440307710104
1851	788	2.5570765719501245
1851	849	2.0001050648532703
1851	880	1.8407474661711016
1851	923	4.156036599718278
1851	1036	3.4939421380630646
1851	1037	2.102476495760137
1851	1073	3.1700641609460884
1851	1092	3.0239617599432767
1851	1222	3.619243959157329
1851	1253	3.5571757542971056
1851	1258	3.6030687514469055
1851	1334	2.603181767481149
1851	1370	2.9774443848315686
1851	1391	2.058526257298744
1851	1449	3.641019520755436
1851	1590	2.0356410260167994
1851	1653	2.9659586950695367
1851	1779	2.100472469701804
1851	1862	1.6842024268193234
1851	1882	1.7093971843716924
1851	1917	2.683907694168662
1851	1924	2.03783747917026
1851	1978	1.727958700858801
1851	1979	2.0412422392921528
1851	1982	3.073129616693736
1851	1983	2.35350763463668
1851	2005	2.640613414505136
1851	2006	2.6765222594537854
1851	2010	3.515132932736893
1851	2034	2.3930450733063537
1851	2046	2.9264657644329377
1851	2053	1.637203009703435
1851	2054	2.4237059477776266
1851	2075	3.05167730428388
1851	2137	3.229709467247112
1851	2149	1.9145908348717464
1851	2161	2.831984283806944
1851	2162	1.981576210121699
1851	2268	3.284339785850159
1851	2287	3.0480791770269917
1851	2322	2.36323951277367
1851	2340	2.761457581458536
1851	2422	1.8366595857124124
1851	2431	2.652187905719959
1851	2448	1.8209068125833625
1851	2450	1.674367105005163
1851	2454	2.674284240151106
1851	2456	1.9213630900364072
1851	2514	1.5406505261060612
1851	2525	1.673975517084559
1851	2549	1.7369706889324117
1851	2553	2.7624212457742487
1851	2554	2.6997506538205416
1851	2643	1.4914095729569514
1851	2662	3.2577799970229844
1851	2664	3.2695717967758715
1851	2671	3.0233038320577443
1851	2729	3.3574589006853
1851	2808	1.837779874635577
1851	2900	2.219589480529804
1851	2986	1.9093770866650124
1851	3024	1.9592370232456355
1851	3052	3.1697200168426134
1851	3077	3.732355192248163
1851	3156	2.549132961900133
1851	3177	1.970988041447472
1851	3254	2.293851410878773
1851	3264	2.583940692297051
1851	3273	2.145350515529973
1851	3298	2.966881455260245
1851	3300	2.653585363704781
1851	3355	2.465206662151021
1851	3396	3.2602216677887954
1851	3408	3.0053602202916627
1851	3409	2.8366992264480086
1851	3452	2.575124630843516
1851	3481	3.640531390116197
1851	3484	2.284165913497576
1851	3513	2.763862102378328
1851	3515	2.7441558498685885
1851	3525	2.539160612170721
1851	3555	3.216806506260068
1851	3569	2.922179648682232
1851	3616	2.1194221646351354
1851	3661	1.7501781683902204
1851	3663	1.480024249309829
1851	3698	2.606243428696817
1851	3717	2.4169708859015
1851	3751	3.0873732797410027
1851	3753	3.251052603488121
1851	3755	2.5194962798348244
1851	3758	1.9509189705437284
1851	3783	3.525123108191307
1851	3785	2.552634497779251
1851	3802	1.96447838245774
1851	3821	2.078528087864603
1851	3926	2.807525478378984
1851	3937	2.413084269822938
1912	39	2.682007068184525
1912	48	2.12303788388852
1912	153	1.614225970735574
1912	265	2.9538771869801552
1912	300	2.8210295636570537
1912	501	2.691501903399073
1912	509	2.757369147045313
1912	524	2.865282400092682
1912	529	3.0872942483302266
1912	553	2.950774119271442
1912	595	3.202276592344755
1912	802	2.6129973586175645
1912	852	2.4225545353638904
1912	899	3.5386364665415653
1912	911	3.262880074980165
1912	933	3.305974172675562
1912	1027	2.26568562728122
1912	1086	3.3683238304152106
1912	1088	2.155258714425004
1912	1101	2.774008740858766
1912	1212	3.701554084984617
1912	1230	3.39443322382676
1912	1267	3.791081817363219
1912	1291	3.2965255243485
1912	1303	3.2914575389276317
1912	1347	2.3637244816645717
1912	1377	1.9727123791221128
1912	1388	1.7327163010322932
1912	1518	2.5153094128910016
1912	1573	2.6941791392334675
1912	1610	3.0517673866689394
1912	1663	3.0851438734920933
1912	1794	2.428862916286925
1912	1799	2.504970136289675
1912	1936	3.0030232793086067
1912	1941	3.063800744609032
1912	1950	3.301182894125025
1912	1956	3.028415808416058
1912	1960	3.1005586616178062
1912	2011	2.452598616676346
1912	2012	2.441540694602017
1912	2067	3.185803229036928
1912	2135	2.343342893681484
1912	2144	2.8381673586252463
1912	2183	3.175794358985248
1912	2245	2.5163695690346635
1912	2384	2.5511541966397853
1912	2390	2.848609307665813
1912	2433	2.452195019435368
1912	2527	2.5358108744156485
1912	2571	3.342049480852626
1912	2599	2.8266660306416447
1912	2700	2.3739450627798577
1912	2712	2.1712782580042824
1912	2717	2.043904076589227
1912	2727	2.731144883390485
1912	2729	3.046243056382264
1912	2804	3.612973514769117
1912	2894	1.952348061154682
1912	2916	2.8244335233763205
1912	3030	3.5667663048302565
1912	3099	2.3178523130486672
1912	3101	3.0594934386223933
1912	3148	2.953112803083435
1912	3160	3.256048140701632
1912	3163	3.003796382934664
1912	3176	2.45246921428185
1912	3194	2.501696922101444
1912	3244	2.797968594208552
1912	3260	2.97012120738725
1912	3274	2.0971407878493715
1912	3365	3.1228401822285305
1912	3424	2.9121387426866536
1912	3438	1.8692931328695803
1912	3556	2.6339646833204227
1912	3578	2.8909443104424093
1912	3633	2.487698222792745
1912	3635	2.7785741485262614
1912	3685	2.6440690972146257
1912	3726	2.735000140421893
1912	3751	2.8877407713034047
1912	3836	2.9940070895841053
1912	3901	1.5920342818655575
1912	3910	3.072540639462103
1912	3915	2.5932127896072186
1925	2502	3.8000642226855983
1925	2599	4.34317623119313
1925	2707	3.465331683724026
1925	2840	2.777670151010855
1925	2858	4.272504167537482
1925	2997	4.658611251658913
1925	3081	3.5119649888207607
1925	3160	4.004681288117447
1925	3354	2.6387965043651715
1925	3578	4.058376922889447
1925	3863	3.096501438001208
1925	3952	3.8716117426707695
1930	32	3.755359784007229
1930	444	2.074723153116597
1930	592	3.3938728799456395
1930	788	2.8018539708656136
1930	987	2.7654860635995333
1930	1009	2.8397825276429645
1930	1036	3.3432455546244944
1930	1081	3.2110610585492365
1930	1090	3.8668511265879033
1930	1242	3.960080008495879
1930	1258	3.7087369188565016
1930	1289	3.419003885382441
1930	1954	3.4439076483099456
1930	2015	3.186865191146321
1930	2161	3.1995569269313
1930	2300	3.915754402128159
1930	2410	2.549139881329209
1930	2411	2.412597862514817
1930	2412	1.896128701136525
1930	2617	3.3459258593254484
1930	2622	3.1143550992106896
1930	2642	2.1021543659555157
1930	2643	1.6693027094859958
1930	3489	2.853283734535357
1930	3545	3.3501808087854976
1930	3763	3.1789820288958914
1930	3911	3.9922604432438815
1930	3949	4.0971231780742245
1941	140	3.0785558458135887
1941	208	2.2700641183408665
1941	248	3.026480149694619
1941	289	3.133716756503709
1941	486	2.8440902221208244
1941	490	3.120565844935574
1941	513	3.133014051911108
1941	524	3.2446431266321625
1941	621	3.5070026413586035
1941	661	3.5530330272587145
1941	750	3.849190987694253
1941	938	3.615678784746165
1941	941	3.450286519976357
1941	1411	3.6053489637925513
1941	1661	3.143727919880892
1941	1720	2.4857219778414628
1941	1932	3.102481226140227
1941	1935	3.893661735898805
1941	1957	3.937541690256472
1941	1964	3.632890916402834
1941	1991	2.775801733074577
1941	2116	3.2903591520671376
1941	2210	3.5940646209437883
1941	2246	2.9107123656035414
1941	2301	3.093210341995305
1941	2339	2.919153914415038
1941	2340	3.111775012621785
1941	2416	2.9389289864064807
1941	2436	3.478902992538774
1941	2463	3.065624750545336
1941	2473	2.642425387494708
1941	2497	2.936254239765527
1941	2549	2.280927471126423
1941	2552	2.2908035408319725
1941	2555	1.7272829843163664
1941	2626	3.270944273438165
1941	2659	3.268316005162675
1941	2928	3.377438698139406
1941	2949	3.710289875375524
1941	3011	3.4100179034057296
1941	3016	2.769894190985106
1941	3174	3.349751621412187
1941	3316	2.526657467626816
1941	3355	3.0341394239984485
1941	3375	3.188304578520264
1941	3468	4.199383820844619
1941	3490	3.0955116683704023
1941	3550	3.2066020845240706
1941	3590	2.784024307094154
1941	3617	2.9383087024078467
1941	3623	2.8715141158985107
1941	3624	3.306149311689712
1941	3633	3.098214468743248
1941	3709	2.360107316889384
1941	3717	2.3392528677361293
1941	3775	2.928006786156383
1941	3826	2.22933844199978
1941	3827	3.2288702195097447
1941	3861	2.9011407103515188
1941	3863	2.5588867766595498
1941	3901	2.1526699942352776
1941	3908	1.8852851336483412
1941	3911	3.974914689711391
1941	3916	3.8743747367763786
1943	141	3.79368073703908
1943	153	2.993410906528449
1943	175	3.4089897416391883
1943	292	3.288958507050844
1943	345	3.643442885146746
1943	365	3.471716502469269
1943	371	3.4108722939363254
1943	380	3.9600638632917673
1943	410	3.2657845717103826
1943	429	2.8605647794162765
1943	432	2.911913903531258
1943	512	3.1607722918459387
1943	520	3.080992093261897
1943	619	2.835961779532651
1943	653	3.149154270614106
1943	674	3.215664059118806
1943	733	4.043864953357468
1943	849	2.8703044818489856
1943	861	3.680868505841983
1943	918	3.90498179058614
1943	926	4.330572837866114
1943	953	4.415208646709143
1943	954	4.43228224397785
1943	1078	3.996849612415879
1943	1246	3.9633098904150623
1943	1250	4.499468181053903
1943	1278	4.534972457245068
1943	1285	3.877394179713484
1943	1311	2.572433710501287
1943	1394	4.439418740670711
1943	1468	2.7381359790863
1943	1479	3.018878303025671
1943	1541	3.313373260732032
1943	1604	2.962950429205649
1943	1620	3.2059457837614174
1943	1923	3.503281299376998
1943	2042	2.776990187676808
1943	2076	3.913017338671208
1943	2080	3.585650399613797
1943	2083	3.745395514463764
1943	2124	3.220182984639598
1943	2134	3.1676273418676097
1943	2243	4.109566799000571
1943	2249	3.345436143411525
1943	2371	3.838419936059823
1943	2379	2.8352505864078985
1943	2380	2.510372674733568
1943	2382	2.183354321344094
1943	2383	1.9349290037555624
1943	2474	3.6522408917880007
1943	2572	3.321812788952356
1943	2614	2.326541711953423
1943	2699	3.4520940258725608
1943	2747	3.477140189716172
1943	2787	3.1109195320849885
1943	2794	3.126609534957177
1943	2798	2.275324782973084
1943	2881	2.8895524464776297
1943	3007	4.136507875981999
1943	3020	3.214145318020169
1943	3046	3.488538733754112
1943	3087	3.683028638397617
1943	3181	3.797893615663959
1943	3248	2.6754583138901014
1943	3363	4.289782151385954
1943	3418	3.2080620712841093
1943	3566	3.585433102685973
1943	3617	3.340408876968166
1943	3740	3.688804882995727
1943	3745	3.588923725231272
1943	3768	2.4756111373627774
1943	3814	4.063392305431966
1943	3833	2.670607262363337
1943	3872	4.164800115107699
1943	3933	2.7359664261352585
1943	3939	2.4740915242661683
1943	3948	3.871837084170489
1946	3897	4.202501847722242
1946	3951	3.808748525592521
1954	2721	3.7647336591691833
1954	2881	3.1190432707897235
1954	3186	3.5651233235889026
1954	3624	3.630108457472132
1954	3794	3.407720832936319
1954	3827	3.3518353358281727
1954	3865	3.339924836324169
1954	3914	3.4712436302524816
1954	3952	3.7066873922788366
1958	7	3.652500324475594
1958	19	2.614288794974234
1958	44	2.8097163580482283
1958	61	3.0854048225594366
1958	93	2.391078666874024
1958	174	2.643519177261032
1958	175	3.335876303216088
1958	186	3.0425697812523955
1958	201	2.7135630290669863
1958	217	2.6132783803252906
1958	223	4.658882362898095
1958	231	3.4246277921053165
1958	237	3.150037403274
1958	248	3.099655498083795
1958	271	3.448754888017653
1958	276	2.9907153188730144
1958	289	3.5791232597063964
1958	300	3.863377098549953
1958	312	2.527207576919586
1958	325	2.7572014837125165
1958	344	3.071010699562439
1958	370	2.7579984855099005
1958	381	3.365627725607085
1958	413	2.69495344820852
1958	414	2.906102057072686
1958	420	2.745472834974315
1958	429	2.4067856032377604
1958	432	2.908806712371129
1958	436	2.715164115243335
1958	437	2.5290620583035515
1958	445	2.7266196282869344
1958	459	3.162554781380735
1958	473	2.3707766530766445
1958	474	3.778519795813947
1958	480	4.259918920158384
1958	489	2.825287471504846
1958	500	3.8710695485574074
1958	502	2.281935304557994
1958	514	3.485703595696882
1958	524	3.681786693917924
1958	528	2.800109087027591
1958	542	2.9269346633991105
1958	585	2.96941175247824
1958	603	3.1562066185714728
1958	608	3.9618238210475782
1958	639	2.677849452668941
1958	663	3.468892218345005
1958	691	3.161282641181401
1958	700	3.626206546883496
1958	719	3.1680129446051466
1958	784	2.6779327489552136
1958	805	3.9229796408526303
1958	818	2.621210181699892
1958	830	3.075823486269951
1958	832	3.7722785608998097
1958	1006	3.130333682565966
1958	1020	3.3723303506135243
1958	1080	3.843340095396925
1958	1120	3.492178953805225
1958	1136	4.093778340716164
1958	1167	3.107294040324844
1958	1197	4.0718019602149615
1958	1258	4.160644204452676
1958	1377	3.063790972064514
1958	1409	3.1179204783416488
1958	1438	3.2071264632673087
1958	1441	3.640634700107587
1958	1445	2.510679998207207
1958	1461	2.961344456590557
1958	1497	2.1371013003058685
1958	1513	2.9303342477653294
1958	1515	2.818492147301846
1958	1517	3.4499751749141696
1958	1526	2.686933110494881
1958	1544	3.340688400172225
1958	1614	3.471413554935697
1958	1629	2.954893828812763
1958	1641	3.828148276920513
1958	1831	2.732989010554952
1958	1869	2.5645379136877287
1958	1888	3.3784422136576
1958	1911	2.9273586805832768
1958	2007	2.9065658037239164
1958	2249	3.3417587259421957
1958	2296	2.326854378869393
1958	2335	3.106181233231294
1958	2427	3.241431515479231
1958	2432	3.3330453565041678
1958	2529	3.806345751264361
1958	2539	3.2779887032442767
1958	2567	3.4644023805813515
1958	2597	2.771089073552581
1958	2683	3.331745209022861
1958	2694	3.309335464460072
1958	2722	3.2011298389807643
1958	2770	3.211540330987606
1958	2771	2.9096631593401883
1958	2772	3.218654952886221
1958	2798	2.2215727491521235
1958	2809	2.943351069012168
1958	2822	3.18080493057152
1958	2836	3.464973455227615
1958	2908	4.363202867023856
1958	3120	3.1790132458413214
1958	3155	3.5903863652045573
1958	3157	3.2114952218698893
1958	3186	3.72832512514909
1958	3190	2.433207113601731
1958	3243	2.802746417930592
1958	3252	3.880486052498775
1958	3254	2.987754444103821
1958	3256	3.7661967752047434
1958	3258	2.9183323648424406
1958	3263	3.40271849922596
1958	3273	3.2246031146119405
1958	3274	3.280032184132445
1958	3285	2.8256595176102426
1958	3286	2.427109402739175
1958	3300	3.3898094491902926
1958	3301	3.590634397652824
1958	3325	2.346840085116084
1958	3355	2.875619307074519
1958	3418	3.4961938234327623
1958	3438	2.577033673327968
1958	3439	2.3106232929605115
1958	3477	3.236328587827112
1958	3623	3.832247615749517
1958	3712	3.052104168331306
1958	3752	3.279460276224909
1958	3841	2.9700104103614384
1969	2531	3.31763179738446
1969	2532	3.4117653958786978
1969	2533	3.620268510564268
1969	3707	3.4957409594867124
1969	3785	3.241513087009434
1978	65	2.2823588558605463
1978	150	4.199451132187147
1978	153	2.99786252786948
1978	158	3.106520758227856
1978	212	2.810082458014882
1978	318	4.69731782952459
1978	344	3.430675515504411
1978	480	4.104958296221116
1978	588	3.708616504619776
1978	592	3.91554081517915
1978	750	4.436883822783436
1978	784	2.893602250995358
1978	786	3.235860077135973
1978	923	4.444730209716514
1978	1005	2.4616761053127445
1978	1020	3.2927849935814777
1978	1021	2.879365770610322
1978	1064	2.9711296181729856
1978	1208	4.352417430966274
1978	1225	4.31687906343925
1978	1292	4.093206228488427
1978	1294	4.155097833360056
1978	1333	3.972462735652648
1978	1377	3.2043015094883054
1978	1517	4.194487818282168
1978	1592	2.638225433397345
1978	1608	3.795486043571161
1978	1704	4.38345209802277
1978	1748	3.8902041667427794
1978	1797	4.168510522580964
1978	1876	3.3358713622912672
1978	1917	3.5565423546657624
1978	1957	3.945283723792776
1978	2011	3.396207195595135
1978	2012	3.3148956580829214
1978	2042	2.7196073376816456
1978	2123	3.0729115246028766
1978	2152	2.325796664603752
1978	2273	3.644305547262797
1978	2294	3.5621097263368804
1978	2306	2.639254483429692
1978	2353	3.813048800992535
1978	2355	3.7522196243905768
1978	2384	3.481935606900835
1978	2492	2.9372618826129644
1978	2531	2.930696931216336
1978	2555	1.8553158003159824
1978	2706	3.931774984314653
1978	2728	4.061886007977197
1978	2762	4.45163540221726
1978	2791	3.841508133712698
1978	2792	3.0364780804574685
1978	2797	3.844657585585968
1978	2819	4.145492114452817
1978	2860	3.383558708571011
1978	3054	2.3160708900793483
1978	3081	3.6663501318032656
1978	3146	2.991103418768727
1978	3147	4.29030025890498
1978	3148	4.063548343587232
1978	3156	3.059679910168155
1978	3159	3.811189525257519
1978	3213	3.8015365209757066
1978	3421	4.17911675469363
1978	3471	4.1368754415426965
1978	3754	2.5236844185248226
1978	3785	3.1234743937319105
1978	3869	3.208003292699464
1978	3945	1.8580049949483672
1980	2	2.903556161649524
1980	34	4.846114289045492
1980	35	3.550163179499892
1980	65	1.9159608854299723
1980	72	3.6361532855797263
1980	74	2.907063559095488
1980	84	3.218968243273609
1980	125	3.698826396934197
1980	140	3.029725195166657
1980	144	3.602868502484984
1980	153	1.9426655262474464
1980	195	2.893487774966599
1980	252	3.0472279885800053
1980	288	3.89461082954394
1980	306	4.166546303297824
1980	319	3.978375388304777
1980	414	2.678867500759261
1980	429	2.1669182055724017
1980	459	2.8779037515092187
1980	477	3.7395091935970246
1980	486	2.8873244134673244
1980	489	2.6301063179253896
1980	534	4.089232489352293
1980	541	4.058724108535676
1980	554	2.7597108783502864
1980	575	2.7490347087100524
1980	588	3.3581339800727137
1980	592	3.548046825365959
1980	663	3.502604117876961
1980	736	2.67201460694514
1980	779	2.7399235872761967
1980	818	2.4490891561293
1980	879	2.69453713883609
1980	899	4.509763266469409
1980	900	4.010457110866663
1980	903	4.128569909814384
1980	905	4.370224674337005
1980	948	3.666868428214922
1980	953	4.8737881267952
1980	1014	3.659541709546303
1980	1022	3.8554211514022274
1980	1027	2.9843308688291037
1980	1035	4.706344975167324
1980	1043	2.9589082059837724
1980	1080	3.812608746875199
1980	1091	2.4223603264836973
1980	1101	3.615642238609917
1980	1128	2.771165385663604
1980	1130	3.402582815625089
1980	1135	3.31833354444655
1980	1187	3.959422701527846
1980	1214	4.190756756245008
1980	1215	3.822695322937212
1980	1225	4.646830337856232
1980	1271	4.1053376206634224
1980	1320	2.713626842182133
1980	1327	2.596328504556232
1980	1330	3.0981317095413994
1980	1340	4.203012837503194
1980	1345	3.68217204695822
1980	1350	3.5946462883957717
1980	1376	4.313021271513971
1980	1377	2.4101466309777524
1980	1416	3.7176039620920007
1980	1449	4.184236523308625
1980	1479	2.4270874774184263
1980	1480	3.241814620186271
1980	1518	3.150333050440068
1980	1610	4.035411009707292
1980	1696	3.3049480280234005
1980	1702	2.3647713110082367
1980	1707	2.248995328823556
1980	1713	2.9673417986390884
1980	1728	3.5261018663362846
1980	1792	2.8020365771689595
1980	1816	3.0499417581013297
1980	1860	3.823905681683853
1980	1911	2.898463145170569
1980	1913	3.88403192760545
1980	1917	2.758638185676278
1980	1921	3.94666109358234
1980	1923	4.065867685388649
1980	1959	4.056584834188721
1980	1966	3.560588708558981
1980	1983	2.792376579184737
1980	2012	3.314901333529868
1980	2013	3.422123657526712
1980	2028	5.448723695751517
1980	2059	3.400484069668164
1980	2073	3.6247499208484415
1980	2085	3.404277162575962
1980	2086	3.487599392210342
1980	2087	3.79765550762095
1980	2095	3.0025913314942816
1980	2120	2.464339149724891
1980	2134	2.9300409498527755
1980	2136	3.086782962496561
1980	2146	3.315379741040395
1980	2149	2.4121563097338026
1980	2163	2.377749302145234
1980	2249	2.9541406307718794
1980	2271	3.213068338275334
1980	2291	3.053467041942767
1980	2294	3.2943773444532654
1980	2297	2.7809370588892337
1980	2301	3.1546963289201377
1980	2315	2.672050384862579
1980	2316	2.805549149030728
1980	2323	3.879403968975604
1980	2339	3.02585900194379
1980	2357	4.245977030325339
1980	2388	3.688391666838988
1980	2398	4.1606611732668055
1980	2400	3.065873156221425
1980	2408	2.4413544557460525
1980	2417	3.0633025554677724
1980	2427	4.0022094273469175
1980	2430	3.281259070696677
1980	2454	3.520658609149992
1980	2456	2.3278717070587644
1980	2468	2.5344927120143903
1980	2491	2.693642415642066
1980	2492	2.8608771691173067
1980	2497	2.804623004438962
1980	2498	2.243174755718173
1980	2518	3.5117355363741645
1980	2524	3.089863370418264
1980	2535	2.7823963769474527
1980	2565	4.245120312582171
1980	2600	3.326709503402632
1980	2618	3.8563038224501103
1980	2641	3.277440674884658
1980	2679	2.9579677833888813
1980	2699	3.1433562863121
1980	2707	3.3497036058334264
1980	2714	3.3667232314020743
1980	2715	2.7087970698434978
1980	2717	2.3904768391481537
1980	2718	3.146213922464404
1980	2746	3.645614915984096
1980	2759	3.416167564477936
1980	2766	3.609892292132402
1980	2787	2.9315002550452207
1980	2849	2.925771638359397
1980	2857	4.144941928118864
1980	2861	2.7611571521214078
1980	2863	4.3780449682137865
1980	2883	3.887235880681344
1980	2903	2.123933709749528
1980	2942	2.954141218014417
1980	2964	3.200363866967498
1980	2988	3.681516343154075
1980	2996	3.50373687080177
1980	3015	3.347597492045808
1980	3017	2.41249267079846
1980	3044	3.745271859942736
1980	3048	2.560318677902329
1980	3061	3.9283624449096006
1980	3103	3.287675729085449
1980	3115	3.254174686865906
1980	3118	3.727750929932653
1980	3153	3.7670898454133206
1980	3175	3.7549823551692967
1980	3201	3.982166902355519
1980	3240	3.210920827677516
1980	3253	3.589608996142561
1980	3272	3.120866207462312
1980	3285	2.7144314540539187
1980	3325	2.135496959235631
1980	3398	3.532854627432528
1980	3436	2.706792994175584
1980	3453	2.5669566125477017
1980	3480	3.560631124598991
1980	3549	3.959305578227554
1980	3552	3.2071155247249634
1980	3553	2.7730561896329835
1980	3555	3.5125359739407624
1980	3620	3.3107961406066044
1980	3623	2.948299891280881
1980	3675	3.983808408329841
1980	3676	3.296446833704809
1980	3688	2.50900089094607
1980	3689	1.948434266494172
1980	3706	3.129475327095125
1980	3713	3.71774171166617
1980	3723	3.76298367023192
1980	3747	3.774831795323104
1980	3786	3.133309579000068
1980	3793	2.73630935945224
1980	3794	3.323095966901738
1980	3830	3.3224652557408865
1980	3831	3.724327434121808
1980	3858	3.2007007577701785
1980	3897	4.836897011517531
1980	3948	3.4198868646212888
1988	3446	3.115645801171747
1996	1249	4.279726355497434
1996	3555	4.088618770895111
1996	3753	4.271398430624225
1996	3827	3.734003528521273
1996	3916	4.337661753368592
2020	3362	3.817787514847528
2020	3468	3.943501948628702
2020	3499	3.699075342308385
2020	3949	3.899188122990415
2022	33	3.306341221231511
2022	111	3.9751934714111625
2022	235	3.5758325946242024
2022	249	3.7944316503109072
2022	367	3.198513297845856
2022	368	3.5822104965418187
2022	380	3.8475994490569914
2022	450	3.3275283672430387
2022	551	3.674187385335603
2022	588	3.5552009837498866
2022	1270	4.398621718714023
2022	1500	3.777659529005542
2022	1552	3.368513680199249
2022	1639	3.721596061632023
2022	1711	3.052517340110293
2022	1797	4.062813962713003
2022	1883	3.32341347727358
2022	1923	4.212004435537788
2022	2268	4.073696536981496
2022	2302	3.781259968895205
2022	2628	3.659031134559313
2022	2671	3.6997561563592942
2022	2912	3.5916237879379165
2022	2916	3.82959669365133
2022	3210	3.710582248114732
2022	3301	3.392860818395853
2022	3489	2.969706268548372
2023	21	4.014655930877072
2023	110	4.314958379844287
2023	165	4.097389982108973
2023	318	4.97870920658933
2023	858	4.7801665585558295
2023	1221	4.59849908374864
2023	1222	4.4802222395745925
2023	1246	4.302687574213136
2023	1278	4.651652201740201
2023	1370	4.074960449313247
2023	1407	3.9958799231562345
2023	1500	4.240319595637528
2023	1673	4.379801817925705
2023	1732	4.200494842918125
2023	2005	3.8808271818520583
2023	2064	4.427126073204337
2023	2248	4.415119314993995
2023	2324	4.748395761151648
2023	2329	4.576272580024154
2023	2340	3.661911754243564
2023	2431	3.490849290367054
2023	2529	4.011520118457306
2023	2836	3.684963248731427
2023	3159	4.138003448442622
2023	3160	4.618738102298227
2023	3254	3.3187498537858198
2023	3275	4.063987558992374
2023	3397	4.103890551458698
2023	3421	4.492867413113592
2023	3761	3.6332134536010616
2023	3896	3.6440196023368654
2023	3897	4.900772536757165
2023	3911	4.622516901454945
2023	3948	4.232209313827665
2023	3949	4.632310844902193
2036	912	4.4165974158338415
2036	1197	4.38857249195206
2036	1247	4.3092576818601
2036	1449	4.273904766726064
2036	3083	4.177271559782822
2036	3129	3.8409076355644016
2041	111	4.100350616003786
2041	1042	3.4366243136897747
2041	1288	3.818125033212282
2041	2119	2.1885352497240733
2041	2410	2.908636473139965
2041	2411	2.5984267785478057
2041	2641	3.386334353769401
2041	2642	2.3101682027219197
2041	3546	3.650538856741519
2041	3893	3.647967849911865
2047	910	4.074278534644077
2047	986	3.566477532519752
2047	1258	4.149270386652898
2047	2529	3.920881573042735
2047	3481	4.064307590539091
2047	3911	4.194676014060102
2047	3950	3.435915494761559
2050	165	3.878662131181122
2050	356	4.456180458462229
2050	457	4.330414800870864
2050	647	3.8181176281558256
2050	836	2.871429880368457
2050	910	4.541090911407236
2050	1036	4.558291703352166
2050	1042	3.799660550534562
2050	1206	4.261631644841411
2050	1258	4.223502685702971
2050	1370	3.848747983099249
2050	1569	3.621731439646148
2050	2137	4.062192439123534
2050	2340	3.63550058568966
2050	2421	2.979056599201628
2050	2431	3.609155986815086
2050	2639	3.533279221715784
2050	2671	3.9849431141259473
2050	2782	3.8533793355172894
2050	2973	4.362542907723896
2050	3052	4.025572944917714
2050	3189	3.911459736688892
2050	3253	3.929399278408185
2050	3408	4.113263884323705
2050	3525	3.2458336882136085
2050	3527	3.840116589390953
2050	3535	3.503816846613349
2050	3578	4.046605645722076
2050	3893	3.729825714476366
2050	3895	2.594669177163655
2050	3897	4.525309207349171
2050	3911	4.234903512984913
2050	3949	4.5473243160193615
2060	50	4.0929771869818845
2060	1060	3.6720378941671
2060	1483	2.383045730474531
2060	3911	3.851405842485952
2063	27	2.950907687638808
2063	65	1.9631114025166985
2063	113	2.821431648999904
2063	118	3.1433087479881108
2063	135	2.715805306369916
2063	212	2.417282857107069
2063	255	1.835709649977676
2063	315	2.628644438034524
2063	318	4.151450050401722
2063	337	4.050047221238126
2063	459	2.854246689250421
2063	491	3.252548624695245
2063	505	2.616189959930717
2063	585	2.545582793045356
2063	830	2.531990188480376
2063	924	4.0981155091763135
2063	1010	3.13529545241757
2063	1064	2.5079046060663277
2063	1268	3.1931446528490794
2063	1347	3.4029282710072084
2063	1377	3.788283959029591
2063	1393	4.321791769148582
2063	1468	2.5396703833538403
2063	1475	2.833715442593925
2063	1648	3.1188945713112672
2063	1677	2.626553360303484
2063	1770	3.061383551414233
2063	1885	2.8698498783230404
2063	1895	3.7244184588386022
2063	1956	3.140187365960556
2063	1969	2.430491447664256
2063	1970	2.841181582541044
2063	1974	3.282318403769624
2063	1978	2.1049275357066537
2063	1979	2.445057753129417
2063	1980	2.397414853314207
2063	1981	1.9425286310198424
2063	1985	2.478581482979476
2063	1992	2.177643775239505
2063	2042	2.000960811507038
2063	2125	3.4706736409410284
2063	2169	2.5559242889477503
2063	2253	2.570171246076629
2063	2312	3.1796958872244963
2063	2316	2.9323648309181314
2063	2325	2.9683444496775504
2063	2422	1.515201565213735
2063	2485	3.2413466738716377
2063	2580	3.4746215520444195
2063	2589	2.683570970686763
2063	2596	3.3356240989742405
2063	2643	1.5858232277198243
2063	2724	2.6342490872696698
2063	2787	2.7174168309967293
2063	2815	2.2704805123721146
2063	2868	2.142168681692807
2063	2887	3.126126334154417
2063	2915	2.656301486454389
2063	3000	4.012414867180964
2063	3018	3.5475451637140187
2063	3052	3.725693966603833
2063	3054	1.791576896240957
2063	3064	2.2594151413681063
2063	3082	2.899352524186248
2063	3095	4.129269365004944
2063	3105	3.742552649416806
2063	3147	4.085775777764808
2063	3181	3.7848057674837072
2063	3213	3.4016569554593685
2063	3250	3.2341953444961997
2063	3273	3.131251788117462
2063	3299	2.261583874629509
2063	3328	3.3515797986422737
2063	3355	2.8396636576740937
2063	3409	3.369296177497388
2063	3453	2.282987838503572
2063	3483	3.0035332030311257
2063	3534	2.860458299667824
2063	3535	3.548555970686284
2063	3564	1.7940595129922066
2063	3579	2.4200283215688603
2063	3593	1.502460099560255
2063	3646	2.4542984518587376
2063	3716	2.047855612249832
2063	3718	3.31986931523593
2063	3751	3.0537356772105677
2063	3763	3.154640882026151
2063	3774	2.0695690360228127
2063	3784	2.880774775068333
2063	3786	3.352567162305178
2063	3798	3.2117210262509603
2063	3830	3.087479238138961
2063	3861	2.8992943117696006
2063	3911	3.665488081586177
2063	3945	1.4085123989802932
2070	1	4.792478526831598
2070	380	4.138187694787487
2070	648	3.9086179636615537
2070	1136	4.828737910525337
2070	1909	4.059995386781817
2070	1923	4.379426147237368
2070	2094	3.732491228263232
2070	2396	4.743590763200046
2070	2571	4.791388724128117
2070	2628	3.879408987926435
2070	2916	4.241149485566975
2070	3006	4.583659168540898
2070	3052	4.266297548290717
2070	3317	4.568213575484243
2070	3510	4.220358992290721
2070	3916	4.4437201240114135
2070	3952	4.388393691811792
2071	356	3.876142271153969
2071	1019	3.439079587549382
2071	1032	3.4349687414313848
2071	2078	3.5395495030155306
2071	2085	3.2610785241565337
2071	2090	3.026405684237638
2071	2294	3.214375968594834
2071	2384	3.274654435717875
2071	2671	3.472798624199206
2071	3398	3.434140777071326
2071	3617	3.035346327665013
2071	3901	2.093392923606956
2076	1354	3.8436632815015535
2076	3471	4.02440065357235
2077	924	4.66532749788583
2077	1246	4.506956583486293
2077	1997	3.3809181716927297
2077	2590	3.202524224376931
2077	2640	3.418243558180184
2077	2729	3.5948397375856365
2077	2952	3.629488651031072
2077	3317	4.081644349075594
2077	3396	3.969788730824012
2077	3398	3.4975060062449743
2077	3618	3.249921395842001
2077	3751	4.09134517854888
2077	3753	4.487476294512724
2077	3784	3.232533205692904
2077	3826	2.7199472843794448
2077	3831	3.362647757078254
2077	3886	2.882130971902158
2077	3916	3.7980668505660087
2089	223	3.92628094507846
2089	233	3.899097932731464
2089	407	2.927984718843149
2089	2147	2.4856720455809422
2089	2333	3.877240994632424
2089	2492	2.8486213334195054
2089	2580	3.765646772437641
2089	2600	3.4662899646406995
2089	2686	3.970490549095716
2089	2719	2.419154501284689
2089	2763	3.574696707892302
2089	2840	2.8675818964616666
2089	2858	4.29083400028361
2089	2906	2.3718052722627845
2089	3005	3.3285794149969847
2089	3053	2.9766953373203555
2089	3081	3.546684627929333
2089	3113	2.600397444573998
2089	3175	3.89432180807942
2089	3176	3.68759013264787
2089	3384	3.934446513573094
2089	3543	3.957576417653031
2089	3753	3.707526073693981
2089	3863	3.2475170647722145
2089	3952	3.846344835349076
2097	913	4.381163857369186
2097	1673	3.613480671969718
2097	3915	3.538450390845381
2105	2529	3.7496927856473454
2105	3148	3.572791726301663
2105	3785	2.483750760431023
2105	3949	3.966114801291376
2106	21	3.3059913768421727
2106	322	2.675570017737913
2106	483	2.8464967842730147
2106	750	3.52186621405059
2106	909	3.0184682024913734
2106	912	3.480229293363842
2106	1046	3.299614297759878
2106	1094	3.6876078854260497
2106	1186	2.6557510629731187
2106	1197	3.322918014402452
2106	1206	3.283442344366109
2106	1207	3.669537247791283
2106	1215	2.9338955816748244
2106	1222	2.8590611852351078
2106	1292	2.8672933531755462
2106	1648	2.5066582102187094
2106	2952	2.6520343907894435
2106	2996	2.225624563566936
2106	3000	3.3629551048749784
2106	3108	2.76401498572548
2106	3114	2.496791470265437
2106	3362	2.93116423939091
2106	3754	1.0411788973093268
2106	3785	1.5734857586295947
2106	3797	1.416784929480649
2106	3882	2.0494753400111407
2106	3900	1.8329304407290563
2106	3903	2.46141308978474
2106	3912	1.4120679315871638
2114	368	3.666424364573879
2114	593	4.5925225066908535
2114	1754	3.4894162571846827
2114	2335	3.165207320662486
2114	2403	3.7540984899837775
2122	246	3.948872310730306
2122	296	3.880903898524712
2122	373	3.5852438804136813
2122	924	3.9481826056576033
2122	1080	3.809802782034153
2122	1097	4.06103286300812
2122	1189	4.051035434417576
2122	1199	3.643574932318152
2122	1222	3.819465714443032
2122	1258	3.77351722456398
2122	1270	3.938388739922316
2122	1288	3.842278192476488
2122	1302	3.805848661747299
2122	1304	4.085492744129767
2122	1307	4.028284636794994
2122	1674	3.929470776706143
2122	1953	3.8256853023020096
2122	1997	3.817255746817304
2122	2664	3.748781473838258
2122	2997	3.4331343449323506
2122	3019	3.633422611385157
2122	3071	3.532932753079629
2122	3342	3.6289488133986456
2122	3362	3.6378077690793953
2122	3421	3.765501079860349
2122	3504	3.723184618801964
2122	3827	3.229136995776305
2122	3836	3.685346955906647
2131	163	3.510705555649116
2131	196	2.8773147480703245
2131	230	3.543369438997091
2131	260	4.437039824087
2131	316	3.383729749493947
2131	379	2.8690258919905296
2131	382	3.120103904677316
2131	435	2.582023315711451
2131	442	3.19792176242289
2131	512	2.956017757681913
2131	546	2.168580279032565
2131	555	3.951120823241387
2131	592	3.628289012220159
2131	606	2.425877043399709
2131	610	3.615143437061135
2131	742	2.553946042518616
2131	968	4.005476320271124
2131	1036	4.466151797998625
2131	1127	3.5582966945206653
2131	1128	2.9798215426725068
2131	1130	3.503288392437956
2131	1196	4.468280415948679
2131	1198	4.771307193140203
2131	1210	4.093325767095348
2131	1222	4.244968878696476
2131	1240	4.526689401354103
2131	1278	4.200276083948279
2131	1321	3.995777516211545
2131	1345	3.774511175537985
2131	1347	3.745717889969041
2131	1544	2.971425256577305
2131	1591	2.4916877849727284
2131	1603	2.997943035539608
2131	1779	2.71451758482851
2131	1909	3.5045964150526534
2131	1954	4.181063390032989
2131	1974	3.163557345333882
2131	1982	4.129557797889273
2131	1983	2.9788126643156136
2131	1991	3.0471373663778616
2131	1994	3.986989936355665
2131	2000	4.165006010292143
2131	2003	3.40978511359985
2131	2115	3.745655455127068
2131	2119	2.4898318578244827
2131	2193	3.512819611444044
2131	2194	4.05827143208127
2131	2288	3.986438779277085
2131	2327	2.9580586420487136
2131	2406	3.6575083233403647
2131	2428	3.0397539265012363
2131	2451	2.884599554409116
2131	2465	2.835664388440198
2131	2513	3.031052203293734
2131	2517	3.041017533131777
2131	2519	3.3769183210822225
2131	2529	4.034342571525868
2131	2668	2.739514452265038
2131	2716	4.322007853722821
2131	2722	2.941651354108114
2131	2872	4.033258864884876
2131	2901	3.336499438040333
2131	2995	2.6034328717978386
2131	3016	3.34938097844685
2131	3175	4.0538630186965054
2131	3617	3.398939919824299
2131	3660	2.8877184558097
2131	3662	2.3901474267979723
2131	3703	3.772821989695488
2131	3704	3.086603721212679
2131	3708	3.1294876399547618
2131	3727	3.730471211774948
2131	3837	3.127379092229021
2131	3838	2.7325614226611714
2131	3839	2.9277857879585723
2131	3840	2.813894963235116
2131	3901	2.547809936805548
2131	3917	3.5341501450398587
2168	924	4.319250098490967
2168	1036	4.302405799706617
2168	1293	4.663724706157984
2168	1955	4.181544443206727
2168	2712	3.441204947637676
2168	3253	4.390043545078327
2168	3598	3.7304165659724657
2168	3827	3.590165911241873
2168	3943	3.3932764890543816
2176	246	4.640534790536689
2176	1093	3.9228364049991615
2176	1387	4.483105204953077
2176	2496	3.836675537330996
2176	2683	3.720410144592764
2176	3070	3.8681758969105338
2188	308	3.5126959257469657
2188	309	3.253975677665767
2188	858	3.6994020814534734
2188	3168	3.411817653939703
2188	3556	3.190191160464272
2188	3688	2.335702546035157
2225	2693	3.6051083810723057
2232	16	4.038425378701393
2232	45	3.755287427098785
2232	150	4.39577257285698
2232	159	3.6808826317530974
2232	161	3.977919119697486
2232	272	4.083844121642996
2232	300	4.057053024232437
2232	302	4.2245598621582126
2232	448	4.05308744005881
2232	475	4.304441009934206
2232	531	4.244177946645902
2232	535	4.197191530244427
2232	838	4.254735811678568
2232	866	4.270853616543648
2232	994	4.45560348606686
2232	1041	4.359535861040408
2232	1094	4.26903474388149
2232	1095	4.237177349985409
2232	1120	4.014831341916801
2232	1179	4.080949819271598
2232	1183	4.037196124193268
2232	1271	4.204510560277475
2232	1678	4.28944121636589
2232	1735	3.67756652970948
2232	1747	3.7450896240383633
2232	1885	4.171141452175191
2232	2435	3.3603526609716496
2232	2890	4.245458426528742
2232	3100	4.131472487859464
2232	3176	3.84284180523015
2246	6	3.341736347389365
2246	16	3.511778652761846
2246	47	3.5893256275452967
2246	50	4.162795195851055
2246	154	3.448739305552046
2246	161	3.3800914719296906
2246	319	3.547157318652622
2246	589	4.140851242117557
2246	608	3.840693151696736
2246	750	4.187846678161068
2246	1057	3.233148678489949
2246	1207	4.13045245632437
2246	1247	3.9115303805307606
2246	1250	4.107235478667945
2246	1348	3.844831019156484
2246	1358	3.889095975539761
2246	1411	3.68053191084139
2246	1535	3.102276242697017
2246	1610	3.767826973892845
2246	1625	3.711427793446763
2246	1653	3.4769408362058507
2246	1732	3.724542101823436
2246	1794	3.0040160970658176
2246	2357	3.912842129233319
2246	2391	3.400825238602418
2246	2542	3.4577579714371898
2246	2996	2.954179220927696
2246	3055	3.1876331802912765
2246	3198	3.7800771470839294
2246	3317	3.64048765523536
2246	3408	3.326039707084321
2246	3571	3.090089037224796
2246	3624	3.4401858388546693
2246	3793	3.6546379532002473
2246	3814	3.7002195233061617
2246	3949	3.9744088713515775
2247	1073	3.988147259736496
2247	3795	3.6103217377756702
2247	3826	2.557573102679449
2247	3914	3.3290838547905195
2247	3952	3.703095565446484
2271	6	4.04379567029616
2271	21	3.92261341290154
2271	163	3.7829600382552138
2271	164	3.777310243677605
2271	350	3.641863172971013
2271	377	4.003583607377626
2271	380	3.885727767936023
2271	457	4.306813481440446
2271	474	4.0262259208925055
2271	480	4.334630628681434
2271	555	4.115258891045148
2271	592	3.903131447515083
2271	648	3.8012531724843903
2271	733	4.164077888823244
2271	861	3.717208465575943
2271	1036	4.274034113817501
2271	1092	3.7981727714187503
2271	1127	3.961849708054067
2271	1215	4.068830722733659
2271	1220	4.193231117555763
2271	1287	4.4263530483411015
2271	1370	3.797461516095578
2271	1374	4.099904226177409
2271	1429	3.5374553850637547
2271	1459	3.5484368753465385
2271	1573	3.724915934465659
2271	1589	3.6195530223808503
2271	1610	4.342309558885582
2271	1617	4.436495822892087
2271	1645	3.698690366213233
2271	1732	4.055901422558291
2271	1934	4.244961966826939
2271	1954	4.269765963252537
2271	2000	4.113398076674456
2271	2001	3.740934364100207
2271	2006	3.857700440565209
2271	2058	3.7992577394600273
2271	2115	3.821346451799507
2271	2194	4.18978046374715
2271	2273	3.808958501758128
2271	2278	3.835849370011106
2271	2353	3.9360819442010815
2271	2427	3.738791235151586
2271	2490	3.68116622742796
2271	2763	3.805538495762901
2271	2812	3.3740011963514944
2271	2872	4.167210210508918
2271	2879	3.763913336214526
2271	2893	3.4083477529262782
2271	2916	3.8908023345641687
2271	2949	4.174691272408269
2271	2951	4.283014599758495
2271	2991	3.8581310770161856
2271	2993	3.927227272956896
2271	3104	4.137161151666962
2271	3107	3.7468737168280657
2271	3256	4.016203132925139
2271	3406	4.122274680056246
2271	3418	3.926543185337708
2271	3527	3.7394971344527614
2271	3702	3.918848332109087
2271	3726	3.8537246468763295
2271	3753	3.997861921755778
2272	50	4.691397259319768
2272	357	3.913497904301035
2272	593	4.757201430432452
2272	2353	3.852048900605515
2272	2571	4.724211167932611
2282	3005	3.953799438368834
2282	3155	3.913624881142705
2282	3863	3.8690808715245817
2321	47	4.268278102990976
2321	377	3.934903911279556
2321	457	4.455932329600722
2321	1036	4.344428026407798
2321	1042	3.717736497471442
2321	1079	4.282310966972816
2321	1222	4.353183955870382
2321	1240	4.307728479683529
2321	1307	4.337378335632929
2321	1610	4.308902165390615
2321	1674	4.411935601365604
2321	2268	4.31986793023099
2321	2429	3.0580871744557223
2321	2431	3.535947465730266
2321	2671	3.854405109302736
2321	2692	4.328063138705529
2321	2997	4.428252194910352
2321	3253	3.938502402856852
2321	3408	4.286421263355622
2321	3536	3.8949268917927222
2321	3623	3.4593236241589804
2321	3717	3.223084674735865
2321	3752	3.400936303755512
2362	32	3.8354473036321455
2362	2706	3.973369617841036
2362	3138	3.113446425237305
2376	1044	2.9830844241524006
2376	3911	3.950995660017466
2380	1090	3.88028236724928
2380	1097	3.404324501838196
2380	1222	3.8922718870165776
2380	1231	4.02995598098566
2380	1242	4.212098891418778
2380	1246	4.050957932702411
2380	1293	4.114474920685447
2380	1302	3.7459595316542154
2380	1957	3.8708105997791926
2380	1961	3.9639793750704166
2380	1962	3.7123764709622074
2380	2194	3.960452140329816
2380	3360	3.9481505830840766
2380	3408	3.604748217204591
2380	3481	4.048215410906105
2380	3484	2.706347524156183
2380	3798	3.2115482682296146
2380	3821	2.600117023008224
2380	3861	3.097127662311722
2380	3893	3.3816870919877906
2380	3897	4.090455109216528
2380	3901	2.433734275980262
2380	3911	4.005649521584512
2380	3952	3.5739426684563464
2395	105	3.11989080021626
2395	140	3.2076769954571995
2395	356	4.3962731120913565
2395	380	3.760556933345777
2395	539	3.841195660726439
2395	590	3.647807282424421
2395	1179	3.712934453485943
2395	1614	3.288575318551808
2395	1625	3.923177110534012
2395	1644	2.541296300045587
2395	1678	3.981450193721469
2395	1721	3.829678370218232
2395	1729	3.7503715972946847
2395	1777	3.2733125969925934
2395	1784	3.922618922343856
2395	1805	3.4727162813645847
2395	1892	3.3935208730129363
2395	1923	4.06359326325502
2395	2155	3.181690323135114
2395	2340	3.357910949710857
2395	2424	3.5060941346393384
2395	2502	3.730375971645522
2395	2700	3.4209974559503835
2395	2871	3.8114950943277495
2395	2997	3.2798740757701124
2395	3255	3.561209114850123
2395	3386	3.778833610723944
2395	3534	3.1736635976100978
2395	3566	3.3281794712896544
2395	3706	3.412479343188481
2395	3752	3.041028777554812
2395	3798	3.264825072779544
2409	2805	3.0539187517536392
2427	2502	4.066423147805631
2427	3146	3.067340275170438
2446	3317	4.2539079983247285
2446	3893	3.810862178094289
2446	3949	4.534290107333288
2446	3950	3.713450814178464
2451	1073	3.596778593409534
2451	1220	3.5483006259051284
2451	1772	2.0452761865266744
2451	3555	3.1804583173763303
2451	3623	2.7597554338520207
2451	3949	3.8827139536965594
2451	3952	3.3450756777858213
2501	223	3.951422112354189
2501	318	4.564902963634604
2501	593	4.201117694976968
2501	785	3.518598853965655
2501	903	4.248150919906763
2501	904	4.396343428372852
2501	968	3.608540466474557
2501	1093	3.3976107587770668
2501	1952	3.994707400265509
2501	2013	3.4858142392827443
2501	2038	2.890581945130634
2501	2093	2.934062040272844
2501	2147	2.402222354105864
2501	2502	3.785098226111273
2501	2572	3.243379719956832
2501	2683	3.275131044623366
2501	2692	4.204172918934511
2501	2699	3.042988975990931
2501	2700	3.722468587296428
2501	2706	3.6743109927616624
2501	2707	3.356070503965876
2501	2710	3.0358727857014425
2501	2716	3.9107412995320985
2501	2734	3.34123267194953
2501	2762	4.306826912857722
2501	2772	2.9668831510380604
2501	2959	3.988726788606628
2501	2987	3.634409587509654
2501	3016	3.121599699198293
2501	3081	3.453494732782437
2501	3176	3.544359094979568
2501	3273	2.6589284690426447
2501	3298	3.4730472659929106
2501	3350	3.847690562013304
2501	3362	3.9589719143921793
2501	3551	3.8032531440259447
2501	3578	3.966458181981808
2501	3623	3.2007751896112744
2501	3627	3.440356788775169
2501	3680	4.011482017159582
2501	3752	3.050933076617471
2501	3793	3.950100532413504
2501	3798	3.291903070805072
2535	3325	2.3532739089267896
2544	3827	3.122119720943372
2565	437	2.657556065229459
2565	788	3.613123787661386
2565	2259	3.1342826214109234
2565	2421	3.1214217387634795
2565	3156	3.3661585459161767
2565	3185	3.5409427438457883
2565	3512	4.208323399032576
2565	3566	3.5913686626750043
2565	3751	3.624377857265461
2565	3785	2.9127254728398246
2565	3821	3.183197113955812
2565	3827	3.579861533500408
2565	3831	3.9091387078012576
2593	628	4.426425116713055
2597	580	3.30755346331077
2597	3347	4.052375452423896
2609	3316	3.44967883802064
2609	3513	4.03023651782597
2627	3747	3.278934061410696
2627	3948	2.97921288288956
2627	3952	3.324240274182128
2636	150	4.038195100400434
2636	529	4.068156160880354
2636	1136	4.418326992398656
2636	1193	4.324624685850273
2636	1203	4.292030831401567
2636	1288	4.210504664449171
2636	1923	3.981665095025216
2636	3006	3.973137128705056
2636	3359	4.110580325029217
2641	358	3.4249051625823816
2641	587	3.925759293764133
2641	1388	2.9445175492324345
2641	2410	3.4509113330271237
2641	2640	4.078757619936448
2641	2641	3.61560461328038
2641	3098	4.105495598501069
2641	3396	4.134691992754382
2641	3893	3.788125957343515
2683	2724	3.788862715555672
2683	2770	3.9761713741000833
2683	3174	4.274015727698444
2688	1136	4.1616901442138765
2688	1393	3.5607710867714792
2688	2889	3.0995071654368767
2688	3189	3.426914918736697
2688	3897	3.8918377718722503
2753	3911	3.8747765264419054
2760	272	3.668516966912693
2760	909	4.085736626955641
2760	924	4.001952865973498
2760	1090	4.023049025275863
2760	1212	4.452854458344817
2760	1222	4.048022469003907
2760	1258	4.112545637022486
2760	1948	3.992689085425265
2760	2671	3.714799309396417
2760	2712	3.294434870160491
2760	2730	3.578521862437509
2760	3471	3.961624616533977
2772	3408	4.198453551134364
2772	3897	4.307463550475241
2784	50	4.585712270122583
2784	111	4.371752076469045
2784	912	4.615451457231988
2784	921	3.999064890039036
2784	1189	4.430134963797774
2784	1204	4.478194865285691
2784	1207	4.55789713710286
2784	1219	4.669129674030112
2784	1221	4.582109172797176
2784	1228	4.392405039084158
2784	1230	4.250342676589628
2784	1247	4.5241385330962025
2784	1252	4.53284270930007
2784	1270	4.037850818194137
2784	1307	4.207603715479193
2784	1394	4.368815263950367
2784	1952	4.30275973829809
2784	2070	4.0088929432727625
2784	2987	3.841058847929971
2784	3019	4.038653584837348
2784	3069	3.834806639506895
2784	3362	4.169407950272843
2784	3435	4.554379450103534
2784	3468	4.389783970493917
2784	3543	4.021407474205256
2784	3683	4.405053294383751
2784	3706	3.627638877362589
2784	3741	4.184234825827635
2784	3911	4.390013832302062
2784	3949	4.363820067085048
2786	1805	3.676763696020996
2786	1909	3.697379213746797
2786	3301	3.55221900579179
2786	3481	3.913814216598408
2786	3536	3.883892286171769
2786	3555	3.7875816309441848
2786	3578	4.684213131979616
2786	3753	4.179703190940427
2786	3911	4.465916031112864
2786	3952	4.012548534163043
2796	3	2.436302344220848
2796	7	2.78833141224584
2796	10	2.913474392088476
2796	11	3.082608104049142
2796	24	2.4384375374865725
2796	34	3.290491167675457
2796	39	2.9057216742262617
2796	48	2.399920310776544
2796	50	3.8521904928223463
2796	70	2.565473297517043
2796	95	2.293989340055053
2796	110	3.585511621673301
2796	165	3.054801858796417
2796	172	1.9384096375550608
2796	173	1.6154943077092967
2796	185	2.1481926384515786
2796	196	2.154247504814908
2796	202	1.9644769543070035
2796	224	2.8260571896233246
2796	258	1.8026860935316664
2796	272	3.057983432120856
2796	288	2.3774883742039883
2796	293	3.576592046578491
2796	296	3.512656672021
2796	316	2.853744091636692
2796	329	2.800909238586187
2796	342	2.981828875917883
2796	353	2.7447793551590385
2796	356	3.5652023022461847
2796	357	2.964953803334621
2796	364	3.3560412321218016
2796	376	2.6066542963112784
2796	377	2.868254539312093
2796	380	2.970750473455021
2796	440	3.095599109857968
2796	466	2.170726050864897
2796	480	3.22039585924875
2796	481	2.797516852932158
2796	508	3.3013949018644086
2796	527	3.865910653478696
2796	529	3.407506110049218
2796	531	3.2335479599781918
2796	538	3.2793428305753376
2796	539	3.1301789754098035
2796	543	2.75066136375876
2796	546	1.4358164944752554
2796	550	2.4811684851768963
2796	551	2.9599107392773103
2796	587	2.960592427796953
2796	590	3.310996903924539
2796	593	3.729515497721467
2796	596	3.117375147945284
2796	597	2.952514136388574
2796	627	3.0327617394025768
2796	648	2.860931037602332
2796	661	2.753631682067635
2796	724	2.521558187096171
2796	736	2.556294556763878
2796	741	3.44723230810286
2796	780	3.015267173167216
2796	799	2.7841838749439445
2796	829	1.870004067491226
2796	832	2.8454714752217938
2796	898	3.627619078637821
2796	899	3.6800911057499617
2796	900	3.1146042722365626
2796	901	2.9963528390969576
2796	902	3.205794789017084
2796	903	3.727272247394784
2796	904	3.871953426958457
2796	907	3.2460116663563303
2796	908	3.745366669687037
2796	912	3.740107928049116
2796	913	3.804002373423293
2796	914	3.546795305611171
2796	915	3.4115092328137475
2796	916	3.5367007157129757
2796	917	3.183613950645427
2796	919	3.5679588021564688
2796	920	3.244665846112049
2796	922	3.852577427225477
2796	924	3.317697222399985
2796	933	3.4405793571642094
2796	940	3.2047800218599343
2796	943	3.3343866578393064
2796	949	3.301787914741813
2796	953	3.5852522370185813
2796	955	3.5309560334473846
2796	971	3.4679035939533045
2796	1007	2.4645780334747083
2796	1012	3.0966994140811983
2796	1017	3.012225548624544
2796	1019	3.0855812887737377
2796	1022	3.168615409304055
2796	1023	3.2573370962295773
2796	1028	3.32570658525409
2796	1029	2.9428336974530187
2796	1030	2.435939469363424
2796	1031	2.8261052760375662
2796	1032	3.004127109846815
2796	1035	3.2742905975067504
2796	1037	1.916350110328813
2796	1069	3.224844534901497
2796	1073	3.078888563792379
2796	1079	3.284285733723305
2796	1080	3.4888937350679945
2796	1084	3.5144272491506565
2796	1086	3.459789554467401
2796	1092	2.8971899892275674
2796	1094	3.2946361257632018
2796	1097	3.4051841303273864
2796	1099	3.3182619216551283
2796	1101	3.12039726019452
2796	1103	3.3358559032674044
2796	1127	3.091308022565217
2796	1136	3.774937906747489
2796	1201	3.471253767942816
2796	1204	3.7554631330838713
2796	1210	3.381635400644577
2796	1214	3.5795644469676304
2796	1215	3.01317582203696
2796	1234	3.668147516798959
2796	1246	3.4433928507333613
2796	1250	3.7778695703672778
2796	1253	3.5467817572666385
2796	1259	3.604166844394949
2796	1262	3.705849728565181
2796	1269	3.53252526696573
2796	1270	3.479944444482774
2796	1276	3.63991871063776
2796	1282	3.0970839343258367
2796	1285	3.2210401480508795
2796	1294	3.5248984712783766
2796	1296	3.445411586769247
2796	1304	3.567213920514785
2796	1320	2.4264059154218005
2796	1334	2.6187668579925467
2796	1339	2.7705725989533745
2796	1342	2.2867289696460333
2796	1343	3.0952335811699427
2796	1356	3.1539890412251816
2796	1370	2.913213244823844
2796	1371	2.454248046550818
2796	1372	2.878543570873622
2796	1373	2.0974568162786387
2796	1375	2.720920934866545
2796	1376	3.043208176197591
2796	1378	2.820919690324942
2796	1379	2.4891704498539204
2796	1380	2.975283590358845
2796	1381	1.5260496103052148
2796	1391	2.3286195676725243
2796	1394	3.4108862301205813
2796	1407	3.010925298142761
2796	1441	2.873886812136162
2796	1445	1.5766631500078787
2796	1499	1.5851939810674711
2796	1517	3.148834992401439
2796	1527	3.0981551621185703
2796	1535	2.814753195952536
2796	1544	2.5101220540558224
2796	1569	2.751068379093227
2796	1580	3.0819650118737085
2796	1591	1.966065432337197
2796	1610	3.537039829979832
2796	1641	3.226502622794087
2796	1644	1.9649699243474736
2796	1653	3.137899873013384
2796	1673	3.168038588697077
2796	1676	2.661966375065928
2796	1704	3.526389281448897
2796	1722	2.746798634921844
2796	1748	3.1882973971587774
2796	1777	2.922723843497505
2796	1831	1.9317169822376536
2796	1862	1.497232817515426
2796	1876	2.5594623645905465
2796	1907	3.083792742857107
2796	1909	2.7912510282749547
2796	1917	2.686280406385962
2796	1927	3.533075838586959
2796	1947	3.3876319067114045
2796	1957	3.2028410295314145
2796	1961	3.4202421714729336
2796	1962	3.2381946761152105
2796	1968	3.3654964184580063
2796	1994	3.0298936937290297
2796	1997	3.323299611502538
2796	2003	2.7167375922676897
2796	2011	2.7917124309126606
2796	2012	2.7018567653967245
2796	2015	2.9533560511202674
2796	2016	2.2136404575764828
2796	2017	2.438595844568066
2796	2018	3.1129815227685382
2796	2021	2.7404370374824056
2796	2026	2.032588151870895
2796	2028	3.826569769756269
2796	2034	2.262275577472879
2796	2046	2.8209066747264764
2796	2054	2.3352384099600902
2796	2078	3.203549624843946
2796	2080	3.198822792113732
2796	2081	3.2135741038604606
2796	2083	3.1205844768373816
2796	2085	2.949464838187299
2796	2087	3.011119138336519
2796	2088	2.0373461248806315
2796	2091	2.418751459278881
2796	2093	2.401087106488728
2796	2094	2.5693954528575977
2796	2096	3.078609330439826
2796	2097	2.8294370832208715
2796	2100	2.897147037350956
2796	2105	2.804426811098898
2796	2115	3.192321861914006
2796	2116	2.899693503000031
2796	2119	1.8278921017239855
2796	2121	2.0429006406728583
2796	2135	2.606558051960684
2796	2140	3.1153339985792696
2796	2144	3.165250470757702
2796	2145	2.8188619205477043
2796	2163	2.0167074377505405
2796	2174	2.90526683364503
2796	2183	3.341219898225894
2796	2212	3.21143910482831
2796	2287	2.9711337370236066
2796	2291	3.194095932345585
2796	2294	2.8558139963093527
2796	2302	3.175815096682746
2796	2336	3.384887224205207
2796	2366	3.1258924596654616
2796	2390	3.1131869605088336
2796	2393	2.698652089331807
2796	2396	3.4281844725557624
2796	2398	3.3137653589337903
2796	2407	2.9225628638690138
2796	2408	2.0251549823666752
2796	2424	2.736172261767124
2796	2428	2.1592644336123765
2796	2448	1.6924138571726808
2796	2450	1.5728086069069125
2796	2455	2.8947521959474063
2796	2456	1.688393687668848
2796	2468	2.109242251241995
2796	2469	2.7147973675635453
2796	2478	2.4659080685247146
2796	2513	2.354289968821813
2796	2527	2.7626230879553835
2796	2529	3.1861163847959144
2796	2550	2.950490850816652
2796	2565	3.32733557214026
2796	2599	3.2326594783524314
2796	2615	2.3647152228529724
2796	2617	2.713708020376368
2796	2628	2.879287784494847
2796	2633	2.902691197080129
2796	2635	2.5568205072200265
2796	2640	2.945900137075309
2796	2641	2.598976660321122
2796	2642	1.7718482338557078
2796	2643	1.384549670118227
2796	2656	2.506485842956881
2796	2657	2.6902240223301352
2796	2664	3.386554710418197
2796	2668	2.054584081462512
2796	2699	2.3835607020328973
2796	2706	3.0424839460984843
2796	2710	2.2649420324072405
2796	2716	3.18888164169484
2796	2717	2.3818099123331224
2796	2719	1.7363089729944394
2796	2721	3.103355682919521
2796	2724	2.47060701401308
2796	2746	2.7943755954411107
2796	2797	3.189851220371977
2796	2804	3.556966262769805
2796	2827	1.781802651604764
2796	2872	3.279314835376534
2796	2893	2.491687476080697
2796	2916	2.9849925981252
2796	2944	3.384574578300798
2796	2947	3.368881206839592
2796	2948	3.2940868566405683
2796	2959	3.575792011966675
2796	2968	3.0209558412309034
2796	2987	3.045182111990754
2796	2997	3.3445014746379
2796	3000	3.4958503020880665
2796	3033	2.824167828041068
2796	3039	3.188438345356143
2796	3063	2.201185625722458
2796	3081	2.941100712673798
2796	3082	2.7861272030168256
2796	3094	3.286662415936447
2796	3095	3.45433940994165
2796	3099	2.610290724526033
2796	3249	2.440731882908476
2796	3253	3.061473224290569
2796	3257	2.281905002476626
2796	3355	2.3068931815989093
2796	3360	3.3257256192787668
2796	3363	3.327337936134451
2796	3396	3.3037424852043342
2796	3397	3.136050508871133
2796	3398	3.0736886430880084
2796	3408	3.2207766574923733
2796	3436	2.2255592353744365
2796	3448	3.1602072948459505
2796	3451	3.2327784328044955
2796	3461	2.973080261460155
2796	3479	3.091460195415772
2796	3524	2.8109097212906957
2796	3527	3.0959097309466186
2796	3546	3.1184278808186345
2796	3608	2.87986336066134
2796	3638	2.562153003204738
2796	3675	3.300285299603884
2796	3693	2.115286463375179
2796	3699	2.799107161300383
2796	3701	2.5893510581290444
2796	3708	2.438445321314176
2796	3745	2.8272067073499736
2796	3763	2.8208789041880302
2796	3786	2.7305253842530117
2796	3802	1.7733008673580053
2796	3871	3.227993514719825
2796	3927	3.0033768922658517
2796	3932	3.157632374533134
2803	318	4.511144283920272
2803	908	4.240317634348933
2803	919	3.928793068936745
2803	1230	4.151195391722855
2803	1231	4.025197588412056
2803	1247	4.227621418778901
2803	1252	4.252495391268245
2803	1300	3.9068302201628486
2803	1361	4.155876091683371
2803	2065	3.601864544354984
2803	2859	4.108549164717437
2803	2973	4.062778941485175
2803	2985	3.3300360569470837
2803	3067	3.77803611353548
2803	3359	3.993767158970384
2803	3551	3.74924070014206
2803	3819	3.780796676745714
2810	12	2.765011127239528
2810	19	2.866418207911569
2810	47	4.561120461184926
2810	158	3.3635023805773283
2810	412	3.8493051074611
2810	527	5.186497809207029
2810	588	4.281380566627244
2810	594	4.042447649232871
2810	616	3.489853798708641
2810	953	4.670053975224504
2810	1197	4.710596652926149
2810	1203	4.646753276191022
2810	1215	3.910896332308533
2810	1367	3.297552245866048
2810	1411	4.281677233536341
2810	1597	3.803628587385643
2810	1870	3.6325814331956936
2810	2123	3.190510827365916
2810	2141	3.813972609482186
2810	2294	3.795835318737889
2810	2392	2.4338565554648417
2810	2396	4.54310215823924
2810	2683	3.656994717651992
2810	2793	3.15753641488762
2810	2858	4.519411216847284
2810	2916	3.842044182007978
2810	2959	4.7306816386079165
2810	3117	3.621666148371028
2810	3146	3.221020228889008
2810	3185	3.706469975332819
2810	3253	3.979750688698732
2810	3317	4.217361733453822
2810	3397	4.217075197217225
2810	3453	2.8461669018887994
2810	3556	3.859235575164294
2810	3798	3.726343436530679
2810	3835	2.8787897983612774
2810	3897	4.534150153401055
2810	3916	4.341008890582441
2820	3160	3.848494755072749
2820	3285	2.2813997348256185
2820	3298	2.887727231352814
2820	3863	3.926003946131393
2828	1288	4.474207407635164
2828	3717	3.20981881685591
2841	3298	3.827401784020721
2841	3456	4.261228162117872
2841	3863	3.5625801524367744
2841	3886	3.417314948876398
2841	3910	4.467020144846348
2868	1036	4.085380393468064
2868	1090	4.25658573514634
2868	1222	4.261745703258535
2868	1258	4.043394270249343
2868	1264	4.126392371771798
2868	3253	3.750732279656066
2868	3830	3.4367513013714035
2878	3105	3.905713183749324
2878	3317	4.08165454949121
2895	1472	3.29241040627005
2895	3949	4.4759164312446105
2898	47	4.1862033031956045
2898	150	4.15478424381898
2898	318	4.637622790657577
2898	319	4.033360368913157
2898	457	4.106839926717012
2898	482	3.5731053953518277
2898	593	4.582919532479171
2898	1079	4.111293421776046
2898	1120	3.737689371275048
2898	1265	4.039536046692624
2898	1584	3.819139125013722
2898	1639	3.946913093414084
2898	1682	3.998018740915181
2898	1704	4.348121649051351
2898	1748	3.9913189913708864
2898	1866	3.3265449904981894
2898	2150	3.7358394111781976
2898	2151	3.4150974861290075
2898	2291	3.789207593786482
2898	2321	3.878205166211954
2898	2396	4.131886484899118
2898	2529	3.917610309703624
2898	2580	3.982971669085065
2898	2692	4.389239997893573
2898	2762	4.479539343035655
2898	2890	3.9596633450542496
2898	3052	3.8951549495205033
2898	3114	4.273178766092366
2898	3481	4.034024524035682
2898	3793	3.932616484714574
2898	3852	3.853192145919892
2898	3911	4.2684416599118045
2898	3949	4.396831095169694
2903	1092	4.168132757709878
2907	480	5.642662865379003
2907	1887	2.8754355598961143
2907	2505	2.647281465037824
2907	3114	3.830798149525519
2907	3901	2.5617024760488354
2918	31	3.267306180664173
2918	62	3.71416011371876
2918	70	3.3365954155668485
2918	88	3.07436143026194
2918	104	3.421172994559511
2918	141	3.6673410673016074
2918	144	3.4232102368576856
2918	147	3.2667128569028137
2918	150	4.125604981218618
2918	157	2.838217597443922
2918	165	3.61945530677238
2918	170	3.196348191804214
2918	175	3.5259820150561425
2918	185	2.8749456829449755
2918	194	3.873323249416948
2918	216	3.421384609377333
2918	230	3.620346028489428
2918	253	3.714951458883604
2918	272	3.8603879972241546
2918	288	3.1467699523273303
2918	307	4.094870477569562
2918	316	3.565592792594688
2918	327	2.6746487357077218
2918	333	3.694316612368328
2918	334	3.922279181093631
2918	337	4.0713769306410565
2918	344	3.2823762768082854
2918	372	3.379979979137041
2918	380	3.363887599217456
2918	386	2.875462833395174
2918	429	2.6253544636579718
2918	454	3.615787937882359
2918	481	3.571796628012518
2918	485	2.610203296029589
2918	520	2.9291138447975693
2918	532	3.298191051253234
2918	539	3.735968766779976
2918	587	3.5353250346410885
2918	597	3.641478889816444
2918	600	2.946985272077949
2918	714	3.906193585822434
2918	720	4.471817272949667
2918	733	3.656807589674429
2918	766	3.765681210207312
2918	806	3.2846484002175638
2918	830	3.1032593539862585
2918	832	3.486031462023352
2918	851	3.5214717810277167
2918	852	3.329685823562806
2918	994	4.191561421997718
2918	1027	3.271133022959721
2918	1092	3.577137121907805
2918	1093	3.441095784634487
2918	1094	4.015553317130669
2918	1173	3.5445505510551016
2918	1198	4.654330893814195
2918	1245	4.186454812226821
2918	1393	3.79227110180269
2918	1429	3.3981153300863167
2918	1466	3.8685000951841793
2918	1513	3.024410943903368
2918	1544	3.0602671902497933
2918	1552	3.2032179315575706
2918	1562	2.4719328334188857
2918	1597	3.415536762622018
2918	1611	3.642003439340146
2918	1639	3.98036719310176
2918	1682	4.032056278935213
2918	1747	3.782026459557865
2918	1884	3.4738551875871666
2918	1904	3.711753157098496
2918	2112	3.748596258762445
2918	2248	4.185496204575604
2918	2253	2.552936831245951
2918	2268	4.007896291889877
2918	2334	3.195984828727591
2918	2335	2.9518997185477005
2918	2384	3.718569558023852
2918	2387	2.9091630094362464
2918	2424	3.4080669923830498
2918	2431	3.2589724153108666
2918	2433	3.473759303896417
2918	2502	3.932485107732244
2918	2549	2.4486714360833326
2918	2580	4.019612317668049
2918	2598	3.072683673605647
2918	2609	4.034355861380664
2918	2616	2.6620651603081558
2918	2617	3.6087002305794527
2918	2677	4.075361024617558
2918	2693	3.98738149107711
2918	2696	3.835578501433573
2918	2701	2.2594279362787115
2918	2702	3.1892168599729125
2918	2714	3.4019531631702806
2918	2723	3.0830271473726523
2918	2763	3.3878029087860053
2918	2770	3.5051886090258213
2918	2808	2.4489071386425043
2918	2840	2.887334732550554
2918	2918	4.4157177956837925
2918	3007	4.271321956243929
2918	3020	3.5303513919652283
2918	3090	4.16218234843332
2918	3108	3.867294487771407
2918	3147	4.078205308852478
2918	3160	3.8421941448544272
2918	3178	3.914441109622794
2918	3210	4.034337450028197
2918	3243	2.6481396917269437
2918	3246	4.025592114904928
2918	3253	3.901095824433222
2918	3254	3.0136885506063007
2918	3260	3.949944161941582
2918	3263	3.378346349828048
2918	3264	3.130520459657618
2918	3274	3.127602253703918
2918	3355	3.0296662640820906
2918	3425	3.3829892463594207
2918	3495	3.708652691915921
2918	3773	3.170943379970352
2918	3809	3.5279595931815098
2969	11	4.092063992751772
2969	2353	4.017047891842087
2969	2793	2.987383392871674
2969	3821	2.9449069552154845
2969	3949	4.541254196862973
2980	2496	3.0753055371440423
2980	2761	3.7029690328411866
2980	3129	3.4083989113393405
2980	3185	3.1297333169859307
2980	3483	2.8222806945543786
2980	3916	3.720176997766946
2986	539	3.7606452193149136
2986	1956	3.99590327287822
2986	2355	3.914596943302125
2986	2976	3.060648632888208
2986	3317	4.017626830580033
2986	3471	3.931549859313941
2986	3510	3.4882538291238374
2986	3556	3.4845795605410506
2986	3618	3.2169665875815623
2986	3756	3.496668215439743
2986	3949	4.236813890736997
3002	260	5.114321372018646
3002	440	4.414621959123516
3002	608	4.815356816451972
3002	903	4.811996987586212
3002	910	4.841913884828326
3002	919	4.918156299214233
3002	1190	4.077988646977234
3002	1259	4.540198718818128
3002	1264	4.548204813847617
3002	1266	4.595353833903894
3002	1394	4.67639649907134
3002	1965	4.250014913513436
3002	2366	4.231649974867283
3002	2450	2.6483450251842746
3002	2759	3.946834586518947
3002	2891	4.076327534747525
3002	2973	4.653310170206152
3002	3062	4.4788128878415
3002	3160	4.35753532269215
3002	3911	4.697839832003739
3012	160	1.4755443632219936
3012	1250	3.980163364265619
3012	1274	3.662834700796033
3012	1301	3.55772656222811
3012	1339	2.9992184157008834
3012	1748	3.3876093437474264
3012	2004	1.956650426727479
3012	2038	2.286658099232709
3012	2046	2.668603855117176
3012	2407	2.862408081133814
3012	2408	1.997304650889315
3012	2533	2.4617227821510617
3012	2793	1.9625697490556635
3012	3147	3.765639074589911
3012	3257	2.1577745542919624
3012	3421	3.586634953693469
3012	3450	2.676781032440698
3012	3593	1.0621315318456386
3012	3717	2.3044565601847844
3012	3770	2.8700399304851625
3012	3826	1.9038072649617717
3012	3864	2.243246294266667
3013	19	2.4554048495261385
3013	38	2.8279249391870427
3013	39	3.9159478147992695
3013	141	3.564108523729525
3013	154	3.803728721054679
3013	344	3.165992693062831
3013	419	2.188975132974077
3013	432	2.5940341453148563
3013	462	2.7665578830710187
3013	466	2.886737782505977
3013	539	4.369713932940504
3013	691	3.0717523677444345
3013	801	3.230689528475407
3013	940	3.903492949217585
3013	1022	4.16520985748258
3013	1184	3.789156085353583
3013	1359	2.478492581818929
3013	1398	3.220840886890351
3013	1517	3.5353920164407224
3013	1526	2.654081502342821
3013	1588	3.1872751595595195
3013	1592	2.557859151990445
3013	1643	3.8762440721058966
3013	1665	2.676804462772781
3013	1707	2.2184034929639465
3013	1784	4.119188279520976
3013	1839	2.2727222639796425
3013	1850	3.5061652439288564
3013	1855	2.560587677806577
3013	2015	3.556251839807031
3013	2042	2.62088439719606
3013	2152	2.294388020932649
3013	2253	2.583530945733226
3013	2312	3.901488582056447
3013	2354	2.8349532728490137
3013	2683	3.2214938525652803
3013	2791	3.908855427573284
3013	2797	4.270139257634505
3013	2953	2.52803724442487
3013	3108	3.778339472583656
3013	3243	2.6099809621687435
3013	3247	3.2945045732187643
3013	3751	3.750932095646424
3013	3795	3.6644083701274814
3013	3869	3.111136455140532
3017	2581	3.0218547102572506
3017	3525	2.7427600090187205
3017	3755	3.1582397463734795
3041	1258	4.06017678105205
3041	1735	3.0887169718869583
3041	3408	3.597068157452817
3041	3538	3.5354978697226445
3051	1080	4.195037297800978
3051	1639	3.6598262092853298
3051	2366	3.548375252164806
3051	2771	2.6947929839780187
3051	2829	2.92595498493294
3051	3301	3.1784163050582936
3051	3535	2.725359557995412
3051	3565	2.9514664318879977
3051	3566	3.2521861989534027
3051	3624	3.510764712349486
3051	3785	2.903003322134565
3051	3825	2.66398133643922
3051	3948	3.4853465797194496
3055	89	3.297424172138488
3055	153	2.9830531334388346
3055	165	3.806315938596835
3055	170	3.2864663717340115
3055	185	2.9685987111892875
3055	188	3.4290892127842016
3055	196	3.0451758035443515
3055	236	3.501570601740128
3055	253	3.804270741383482
3055	300	3.905156249108961
3055	329	3.7245323365550944
3055	364	4.090184100763084
3055	379	2.9973732184763904
3055	382	3.182536723944636
3055	466	2.9712780931210543
3055	468	3.4996637973219418
3055	504	3.026296475617207
3055	527	4.634771609694646
3055	533	2.9681479982861
3055	539	3.919138360868981
3055	550	3.194991346944426
3055	552	3.475649702018336
3055	587	3.8527078515418527
3055	592	3.7565598578256543
3055	648	3.5083611748585404
3055	748	3.410276969005896
3055	780	3.747683212844957
3055	784	2.841801871125454
3055	800	4.207702948861504
3055	919	4.357343152489081
3055	1009	3.47244647038429
3055	1036	4.159888163656948
3055	1073	4.075428134494555
3055	1092	3.644112864377603
3055	1208	4.376723813357561
3055	1240	4.097358931749833
3055	1320	3.1600874730421182
3055	1321	3.9353451030887032
3055	1342	3.021246246298763
3055	1343	3.8599801957392543
3055	1370	3.7884990704045887
3055	1371	3.293359703517956
3055	1373	2.999613737549329
3055	1374	4.238715717936604
3055	1375	3.620089451475992
3055	1387	4.303961354317563
3055	1396	3.8840756773978473
3055	1405	3.134037092603399
3055	1422	3.193095196234369
3055	1441	3.6424384393831817
3055	1480	3.4872009745120045
3055	1498	3.345926369727685
3055	1517	3.808236069109996
3055	1562	2.4374764926319434
3055	1615	3.8770637640766896
3055	1620	3.460846184655904
3055	1644	2.7203976794582854
3055	1690	2.9643771059145645
3055	1762	2.916724957737462
3055	1833	3.188927143443149
3055	1917	3.5482274766755952
3055	1954	4.047244090567499
3055	2001	3.7053510074448752
3055	2002	3.452726194269446
3055	2026	2.855379027744078
3055	2088	2.754216454132099
3055	2122	2.623163604618642
3055	2124	3.355804473049502
3055	2279	2.887361517406637
3055	2344	3.692106076343857
3055	2393	3.657863430019909
3055	2414	3.549443609257776
3055	2470	3.64801113400702
3055	2549	2.477382267967152
3055	2613	3.2490876558088204
3055	2672	3.2950831442281534
3055	2699	3.191334991367232
3055	2710	3.2433877197630983
3055	2719	2.525367670289086
3055	2841	3.7547449328596074
3055	2881	3.297371791476176
3055	2890	3.933330257275743
3055	2912	3.907694586775441
3055	2950	2.6074636236643025
3055	2985	3.583968193651361
3055	3020	3.637001768808484
3055	3031	2.47035468316121
3055	3081	3.6023481549807594
3055	3107	3.65194970676032
3055	3219	3.4769133605044504
3055	3264	3.239218773075061
3055	3270	3.463797948263151
3055	3409	3.5040270205917965
3055	3441	3.4696453244730363
3055	3555	3.83951458191083
3055	3623	3.4590882948443284
3055	3669	2.7133761303902504
3055	3688	2.862277666080503
3055	3689	2.3737579112118574
3055	3699	3.576949331445201
3055	3755	3.4873889571521266
3055	3798	3.4198552006074205
3055	3863	3.383342847376257
3058	11	3.588075842157541
3058	69	3.45420785750601
3058	180	3.469948878667657
3058	356	4.059833491421829
3058	457	3.6473049508426425
3058	474	3.4631484188830064
3058	908	4.190206645000366
3058	1214	3.665939629755981
3058	1219	4.160870454807732
3058	1226	3.827482843440104
3058	1276	3.989021891950349
3058	1278	3.947424062406983
3058	1895	2.9729247931345486
3058	1923	3.835777158940834
3058	2194	3.904614885899833
3058	2706	3.652209491411296
3058	3255	3.577848233986546
3058	3418	3.4238179097086823
3058	3421	4.003630698380113
3058	3535	2.862517118136312
3058	3897	4.212314439523746
3067	144	3.5924154907328387
3067	179	2.611916328837232
3067	256	3.0596051500822377
3067	271	3.660637193625972
3067	303	3.026877565779885
3067	344	3.637200445043259
3067	352	3.413359952174931
3067	364	3.7655007638747255
3067	377	3.8115872843884167
3067	383	3.496346703560967
3067	448	4.023726297701914
3067	469	3.105853215236897
3067	515	4.327030042130901
3067	551	3.766854130756711
3067	619	3.023897585153253
3067	647	3.9145961435579295
3067	650	3.485836925187049
3067	783	3.481917304762975
3067	862	3.948513118061225
3067	986	3.82015528445463
3067	991	3.923155002757395
3067	1036	4.901221977037221
3067	1171	4.079881299987184
3067	1191	3.4525590316362327
3067	1211	4.443096135554678
3067	1215	4.0297000158103815
3067	1356	3.895881881950399
3067	1366	3.1838794337800103
3067	1394	4.601542468756047
3067	1422	3.402840922680306
3067	1442	3.49808247052401
3067	1454	3.573223671330516
3067	1459	3.620412693324973
3067	1563	3.8657348401126215
3067	1598	3.004697268701079
3067	1601	3.075677857791982
3067	1650	3.5722872091085223
3067	1799	3.673590015310695
3067	1878	3.0389999631418143
3067	1885	4.16654820107991
3067	1966	3.996527478097217
3067	1968	4.471262077472498
3067	2007	3.1488891345010264
3067	2026	2.867889588876141
3067	2064	4.379516267371421
3067	2104	3.758936556567116
3067	2155	3.655037877336429
3067	2273	3.75752915974311
3067	2279	3.0414621842976324
3067	2386	2.3683139466238003
3067	2447	3.529386051228716
3067	2590	3.613405243735741
3067	2616	3.0698427747634534
3067	2671	3.9551749288564286
3067	2688	3.4549606728390017
3067	2702	3.552256475702616
3067	2718	3.3406688745573714
3067	2763	4.0465561542233655
3067	2791	4.317223898697898
3067	2806	2.768218143452652
3067	2881	3.3149871432810887
3067	2884	2.703179204229873
3067	2889	3.705796258681719
3067	2890	4.062333838864546
3067	2912	4.149809642673231
3067	2915	4.0965947731563945
3067	2918	5.054965955565114
3067	2996	3.6852739296207018
3067	3006	4.403503625877781
3067	3113	2.848282601629418
3067	3114	4.118360207266251
3067	3115	3.6980812271779433
3067	3146	3.0856623279354234
3067	3156	3.260221357533837
3067	3173	3.567367120473518
3067	3178	4.252320167339259
3067	3180	2.738518057030541
3067	3225	3.093618117986777
3067	3238	2.304603390889325
3067	3252	4.184288943543527
3067	3258	3.032494183056458
3067	3274	3.368269922103964
3067	3276	3.131258466484178
3067	3285	2.821273582257703
3067	3298	3.752783189477297
3067	3300	3.0910386160524106
3067	3301	3.5557603884463025
3067	3317	4.490909062219138
3067	3324	3.150932870807624
3067	3325	2.6895087486379
3067	3354	2.8599122460055915
3067	3408	4.846097385252123
3067	3409	3.464500215336155
3067	3450	3.8062195634274776
3067	3481	4.475020903981665
3067	3484	3.1376886959707044
3067	3510	3.9283527170419896
3067	3515	3.573798098426052
3067	3535	3.1634281180310686
3067	3536	3.9902822983714095
3067	3556	3.916342746917554
3067	3578	4.274856693765693
3067	3623	3.173515686772105
3067	3717	3.255179202480475
3067	3745	3.756378326939523
3067	3752	3.246633574047262
3067	3753	4.465676663009974
3067	3755	3.6268426875930175
3067	3785	3.016009060345658
3067	3793	3.296375732258361
3067	3798	3.2749888896966413
3067	3823	3.929577787504791
3067	3825	3.2145417226727724
3067	3826	2.676935544865221
3067	3827	3.433718627209714
3067	3831	4.059058050635722
3067	3893	3.724084179311427
3067	3895	2.5376938060572973
3067	3911	4.618177603936855
3067	3948	3.575226244724289
3067	3952	4.116969386048212
3072	1455	2.520069866664009
3093	3720	3.630193864675311
3093	3827	3.317713953877529
3096	2672	3.903124426881905
3106	913	4.404813105194504
3106	1086	4.124237176082861
3106	1213	4.36993665022601
3106	1247	4.378755772904927
3106	1267	4.3903839645056
3106	1416	3.298741849558753
3106	1466	3.889439426009656
3106	1617	4.3030639160704665
3106	1625	3.903225467635964
3106	2424	3.43249394753252
3106	2769	3.280281431881896
3106	3949	4.298849926132614
3125	6	3.942154055510549
3125	34	3.787960427857608
3125	47	4.23378663465494
3125	161	3.9647796303489153
3125	300	3.927134841150763
3125	303	3.1348266059371888
3125	316	3.4928037709353936
3125	349	4.007941694467656
3125	353	3.787713862778348
3125	368	3.696683060764162
3125	383	3.4109362537333725
3125	428	4.133820470322793
3125	432	2.7312485394563994
3125	458	3.4518939572910523
3125	543	3.5940559445241727
3125	553	4.066401992258862
3125	590	3.996119780292227
3125	595	3.922007368311907
3125	733	4.144217296598924
3125	910	4.430051835337616
3125	1036	4.4339397402632414
3125	1073	4.2775109424124445
3125	1080	4.281353834619964
3125	1094	3.716591814690339
3125	1136	4.700947638416645
3125	1185	4.114413629907394
3125	1200	4.256216659362751
3125	1210	4.408511385852476
3125	1219	4.407803580025206
3125	1240	4.384039310609716
3125	1242	4.414260944511092
3125	1246	4.176608371071952
3125	1247	4.41504153144056
3125	1266	4.142047291809397
3125	1270	4.159340529279298
3125	1293	4.366748948692682
3125	1302	4.0290658973199776
3125	1303	4.300884154261274
3125	1304	4.41765976914772
3125	1376	3.713942562524944
3125	1466	3.959026057961911
3125	1641	4.112049637297483
3125	1797	4.212374974598879
3125	1885	3.877868412847453
3125	1917	3.343787541797369
3125	1931	4.2611929816765945
3125	1954	4.173940599627029
3125	1962	4.082093039591481
3125	2000	4.058732390937736
3125	2002	3.434743504672129
3125	2020	4.148360938692896
3125	2058	3.7972972857769407
3125	2115	3.6816819710610207
3125	2273	3.774833532182628
3125	2391	3.8526838635228056
3125	2401	3.8519969801115823
3125	2467	4.0020873911325765
3125	2728	4.170706928179149
3125	2883	3.784319990309037
3125	2947	4.2898664654823975
3125	2948	4.208525929201391
3125	2949	4.160060409130413
3125	2991	3.8010852227123446
3125	2993	3.878545538183817
3125	3039	3.956630183003706
3125	3102	3.807861365272065
3125	3104	4.115332410376155
3125	3246	4.070960566776535
3125	3361	3.9779766603130455
3125	3421	4.174501312734993
3125	3448	4.01330326790127
3125	3633	3.6675217243339246
3125	3911	4.316799089988109
3158	2	3.5688548910899445
3158	306	4.57593621008981
3158	322	4.039177219334236
3158	1126	2.835757342991622
3158	1527	4.099831592707377
3158	1614	3.7454790215031175
3158	2021	3.7872363459077656
3158	2529	3.9571532197540265
3158	2686	4.314660286137479
3158	3910	4.245104390621405
3178	2365	1.6083721276435077
3178	3396	2.890464561870764
3178	3751	2.9172366949673667
3196	2231	3.582735484022784
3196	2959	4.2383754456814415
3196	3225	2.715950529202546
3196	3325	2.188133926268631
3196	3409	3.2872152829763235
3196	3484	2.723076349755812
3196	3515	3.134819630360632
3196	3536	3.732639021868208
3196	3624	3.514787702154789
3196	3752	2.984462115633773
3196	3785	3.0680822734102087
3196	3861	3.1115009361909736
3196	3882	3.2942355028521506
3196	3891	2.523697691146296
3196	3893	3.5405601562279863
3203	356	4.535338868883395
3203	593	4.712140062405445
3203	986	3.8346553513995127
3203	1036	4.55108703607849
3203	1092	3.887361351273716
3203	1206	4.385688040618207
3203	1222	4.483667534245608
3203	1258	4.382203376968561
3203	1321	4.096613118170251
3203	1954	4.271490044718841
3203	1955	4.2001079869465965
3203	1956	4.372410043133938
3203	2706	4.077630334201011
3203	2916	4.036875951962798
3203	3052	4.113147664054908
3203	3253	4.048067215083874
3203	3471	4.395528373298092
3203	3949	4.591623752395234
3219	165	3.83285224549316
3219	457	4.27139631355846
3219	1370	3.789992701661332
3219	2005	3.781740467102273
3219	2340	3.480782565085439
3219	2421	2.9409733813945267
3219	2431	3.4390329538569526
3219	2671	3.907297414463547
3219	3052	3.9709312811654858
3219	3173	3.261074840820076
3219	3253	3.89885812232581
3224	2693	4.207023376385689
3224	3319	3.6008095731029712
3224	3470	4.721229842454287
3224	3915	3.8218665798531575
3229	1	4.437807628343228
3229	260	4.700624270893605
3229	461	3.664158645121103
3229	750	4.682523692624659
3229	771	3.661735110780954
3229	912	4.595833003764721
3229	950	4.520956271702516
3229	965	4.26816830876441
3229	1068	3.9958738864063417
3229	1087	3.7251503512051616
3229	1123	3.861244590585282
3229	1193	4.587202983185365
3229	1204	4.6104000189872405
3229	1207	4.703240952911664
3229	1219	4.4092691474602645
3229	1250	4.645044685484328
3229	1252	4.559265838146555
3229	1260	4.4259257778840695
3229	1262	4.614293785882001
3229	1301	4.304157840314042
3229	1545	4.369000116808486
3229	1949	4.520803419805231
3229	2974	2.4059437377698005
3229	3035	4.3682143997356695
3229	3038	4.414612442953101
3229	3114	4.466165208482718
3229	3163	4.048112880862435
3229	3287	3.056178233031952
3229	3307	4.5691838089839845
3229	3435	4.623913499023973
3229	3467	4.2579697588466
3229	3504	4.321001137689358
3229	3736	3.9316443295879866
3229	3855	3.8232339421440753
3274	272	3.465779056147489
3274	457	3.857205859142748
3274	587	3.2734381832180905
3274	924	4.111041692018125
3274	1090	3.800472571681044
3274	1222	3.8362639545858825
3274	2137	3.635846988957159
3274	2617	3.1695283572770268
3274	3052	3.4741834695904363
3274	3396	3.6705915150611705
3274	3471	3.899153203900391
3274	3510	3.577185022154255
3274	3536	3.5083152095851418
3274	3740	3.215171213993836
3274	3863	3.047063267007412
3285	14	3.482133700629808
3285	161	3.649507237628603
3285	176	3.8192881653286537
3285	910	4.176175286185206
3285	913	4.293931017291905
3285	1127	3.6514234184129255
3285	1250	4.319754899357008
3285	1357	3.7429060305003614
3285	1393	3.753622064810312
3285	1428	3.0767095791601866
3285	1449	4.081947377441221
3285	1850	3.4094442305648265
3285	1956	3.946867639626344
3285	2273	3.4475924920606897
3285	2889	3.240316644846484
3285	3029	3.1865155213642797
3285	3183	3.6369129949973305
3285	3184	3.1325092784069377
3285	3504	3.996577820599769
3285	3552	3.7063496550004222
3285	3593	1.5914615336155251
3285	3617	3.248571528033922
3285	3671	3.870376150509497
3285	3744	3.1328142203666576
3285	3827	3.3145796128957548
3285	3911	4.089549709022387
3301	190	3.7078884237526215
3301	199	3.7115664436053897
3301	214	3.964806019297483
3301	307	3.949752333579209
3301	356	4.034941364502723
3301	363	4.057915847188402
3301	523	3.5342948581706057
3301	778	3.854329816986929
3301	908	4.29274366226045
3301	909	3.9921181129157848
3301	1104	4.101023112415906
3301	1202	3.321110696329836
3301	1206	3.958788353843168
3301	1248	4.099592441138696
3301	1258	3.995578988494522
3301	1354	3.807138907124332
3301	1358	4.089647966631014
3301	1569	3.318832783410412
3301	1635	3.802539277453774
3301	1900	3.998693597627424
3301	1956	3.969841393514551
3301	2186	4.130575963154139
3301	2639	3.160566767435972
3301	2729	3.7378861755402215
3301	3003	3.616769623959303
3313	750	4.521460207355855
3313	919	4.367430627155229
3313	1204	4.458845342607832
3313	1591	2.7140366745057416
3313	2648	4.152260966873612
3313	2660	4.022976950264088
3313	3926	3.436952064819056
3315	1544	3.0626550666897794
3315	1895	3.181171654016229
3315	3882	3.2734557318852278
3363	186	2.8581505388331805
3363	457	4.015953268275064
3363	587	3.59288990587164
3363	1073	3.966976245185245
3363	1258	3.957180494144156
3363	1911	2.8484250673949707
3363	2268	3.9438399877587926
3363	2340	3.267163580669963
3363	2431	3.3553984539911688
3363	2640	3.5333158410549235
3363	2712	3.291092237134148
3363	2762	4.380080549321164
3363	3396	3.829520878659016
3363	3408	3.8079101197983314
3363	3598	3.251975792851633
3363	3827	3.3133068787836
3363	3831	3.7028244197437856
3363	3863	3.075801158026604
3368	3386	3.633085112024383
3378	754	3.319626419893356
3378	2053	2.4134223051378325
3378	2106	3.3958601239955484
3378	2420	3.597462922862112
3378	2421	2.845935064369006
3378	2422	2.330060503827975
3378	3784	3.494169733034078
3391	3761	3.665587323360892
3391	3949	4.642124357455829
3410	47	3.7033083908544606
3410	112	3.026175997628485
3410	412	3.187667390393643
3410	508	3.5350984368254217
3410	551	3.3912239108425744
3410	902	3.4491986609920686
3410	916	3.768547451664302
3410	969	3.8145351757363
3410	1084	3.721578528612819
3410	1203	3.898506638736821
3410	1258	3.704116670484264
3410	1315	2.9278199205651263
3410	1711	2.72760099953356
3410	1784	3.5470137064953904
3410	1936	3.488105137455373
3410	1964	3.4222969158348318
3410	2070	3.470579636614976
3410	2122	2.109985982716456
3410	2389	2.1076113733324475
3410	2431	2.8017524151307365
3410	2433	2.961141479574781
3410	2729	3.420227663189319
3410	2959	3.736537829251632
3410	2982	2.207682622417808
3410	3024	2.0977762227812216
3410	3083	3.672099490973381
3410	3128	3.013176946497957
3410	3141	2.712803539947345
3410	3147	3.78324195608642
3410	3190	1.8408677245779408
3410	3213	3.382273458495557
3410	3266	3.114947473986562
3410	3325	1.8979203364802009
3410	3362	3.6216416658815143
3410	3499	3.549027100325977
3410	3513	2.913802722441211
3410	3911	3.7757378435545497
3411	1221	3.394599552917507
3411	2022	2.6703175714913687
3420	1694	4.279482473359799
3420	3755	3.7535692770054183
3420	3897	4.71647116074684
3423	3911	4.7054508784257125
3441	3901	2.0106161769636395
3454	3554	3.737562113636421
3462	3	2.645636966642077
3462	34	3.500781848711103
3462	46	2.633829660071941
3462	47	3.502062582886376
3462	111	3.6361871153412335
3462	216	2.778205916713012
3462	364	3.293979104740973
3462	408	2.843095877233976
3462	427	1.817036794885628
3462	442	2.5761344421704324
3462	455	2.194046062838007
3462	481	2.888577262768595
3462	489	2.163379466268953
3462	542	2.2979702302345286
3462	551	3.085000409062941
3462	553	3.3246539813913683
3462	586	2.7690455073483493
3462	594	3.327858898416177
3462	616	2.7933225574061598
3462	766	3.1258828314882288
3462	805	3.031717699952684
3462	858	3.958877916664274
3462	1013	3.0960871602336826
3462	1014	2.923075656762512
3462	1029	3.20223335510485
3462	1059	2.866180120612938
3462	1088	2.673165568784412
3462	1091	2.331974259684088
3462	1092	3.0068051487626954
3462	1097	3.6387882330045738
3462	1103	3.407523206916933
3462	1186	3.146355300362706
3462	1235	3.66081902543688
3462	1240	3.52189361752554
3462	1247	3.7638152354136456
3462	1265	3.327677810835296
3462	1268	2.9301293536899538
3462	1339	2.720359106628014
3462	1343	3.0881780748870966
3462	1367	2.4322952533321183
3462	1370	2.9229878685457864
3462	1449	3.612239116104484
3462	1461	2.119475136804862
3462	1644	2.0267519497111093
3462	1645	2.700047117104836
3462	1653	3.203280488259939
3462	1955	3.39030744176545
3462	1982	3.226964313630645
3462	2052	2.409100524259268
3462	2060	2.6472559014922377
3462	2106	2.7749284625802244
3462	2107	2.333036997980604
3462	2111	2.703580174217407
3462	2112	3.0893439834831318
3462	2134	2.8507223586308217
3462	2145	2.86886186779263
3462	2169	2.1808826419507867
3462	2269	2.3147943538189444
3462	2329	3.708636702189521
3462	2346	2.785941655085075
3462	2354	2.299615768701273
3462	2369	2.481528671265287
3462	2385	2.1255300084015203
3462	2406	3.200717125304936
3462	2407	3.091667751201292
3462	2469	2.805220565062882
3462	2478	2.6486993430304087
3462	2505	2.216882931604458
3462	2529	3.153086532968495
3462	2605	2.5692320298066407
3462	2700	2.8692568486913905
3462	2716	3.282533361869429
3462	2717	2.4376619079428643
3462	2763	3.0346902833450486
3462	2787	2.366956214607514
3462	2794	2.5127922124468367
3462	2803	2.7734205725183254
3462	2987	3.065433707656162
3462	2997	3.4045174552812023
3462	3005	2.793664368584052
3462	3015	2.786640085093212
3462	3033	2.790959925580991
3462	3173	2.5033019868157127
3462	3247	2.680331945455808
3462	3249	2.52148622313415
3462	3269	2.703391310664151
3462	3275	3.1804902251904217
3462	3286	1.6905981947618147
3462	3392	1.6225429607060091
3462	3471	3.4368851820094912
3462	3499	3.3636553856412466
3462	3594	2.859009815848206
3462	3617	2.830891386917904
3462	3686	2.60974910207766
3462	3712	2.6909927017934523
3462	3751	3.217701578774109
3462	3821	2.1643375069252526
3462	3861	2.616983212830383
3462	3863	2.707206775136581
3464	1090	3.876648643101702
3464	1222	3.894918849411293
3464	1258	3.83905061821514
3464	2729	3.6455729237485937
3464	2730	3.3897492364718484
3464	3949	4.027219089974294
3471	1095	3.706567526686288
3471	2872	3.65907118008244
3471	3504	3.7783603088502575
3471	3720	3.434211866493291
3471	3852	3.4774952362993656
3471	3911	3.914239256877235
3471	3949	4.1022951471673
3475	85	3.9053675166617072
3475	141	3.9713246359529673
3475	144	3.809336172963756
3475	160	2.6529336545397277
3475	208	3.149416645439858
3475	216	3.5782532218316447
3475	246	4.648758228412483
3475	247	4.254718673933948
3475	252	3.763668970596049
3475	277	3.765172468548688
3475	278	3.5367685299338127
3475	288	3.721373522006357
3475	350	3.777354151261444
3475	373	4.2566086543007255
3475	420	3.049309513442161
3475	454	3.983024641397741
3475	500	3.829403794363214
3475	523	4.027749876943065
3475	539	4.213269446172578
3475	540	2.7354666157750183
3475	589	4.433005483092172
3475	610	3.898982880213559
3475	678	4.682788762922244
3475	719	3.288857120411558
3475	724	3.4966542281535933
3475	733	4.1076234065991
3475	742	2.8944228462549564
3475	750	4.7844234743204135
3475	762	2.5613067110556096
3475	780	3.816750608346639
3475	788	3.4661565252554496
3475	805	3.968442971919394
3475	866	4.305975218775358
3475	919	4.567134904226348
3475	923	4.790572235118852
3475	924	4.547101640445212
3475	928	4.516766666163113
3475	954	4.704752779420118
3475	1033	3.851731268846745
3475	1036	4.458225433571668
3475	1073	4.356791476853455
3475	1080	4.433460014741656
3475	1084	4.542641764800358
3475	1088	3.7385940926154655
3475	1095	4.384623421806634
3475	1096	4.441546133370568
3475	1103	4.335394754270952
3475	1104	4.59021128298665
3475	1124	4.312714967757707
3475	1136	4.658148810754727
3475	1178	4.9331915250498914
3475	1184	4.167021545585626
3475	1197	4.641117023728437
3475	1201	4.562706346354541
3475	1219	4.631334060025721
3475	1222	4.546963633986748
3475	1231	4.475620731249616
3475	1240	4.33918576392229
3475	1247	4.723393644948732
3475	1249	4.4484656631553126
3475	1262	4.8217313311926
3475	1267	4.723184124581422
3475	1277	4.315493560750392
3475	1282	4.315423423130381
3475	1285	4.150783336966463
3475	1294	4.589551207362413
3475	1298	4.108375340481575
3475	1304	4.651607236605602
3475	1312	3.92974002241428
3475	1387	4.463825979783174
3475	1468	2.9682622417536804
3475	1531	4.084952673084588
3475	1556	2.2915297303749127
3475	1562	2.5919985546660107
3475	1580	4.0708948663513445
3475	1594	4.271112770987318
3475	1597	3.771919869053233
3475	1614	3.810401748541495
3475	1649	4.210290609015404
3475	1699	3.879880813811115
3475	1722	3.787319135042019
3475	1732	4.210559450320405
3475	1753	3.56703072117897
3475	1777	3.875426224918205
3475	1816	3.4924121645253914
3475	1845	4.190214084585818
3475	1885	4.115197417091298
3475	1921	4.204736369407727
3475	1923	4.460441705867788
3475	1953	4.521547815714415
3475	1954	4.423662422091909
3475	1962	4.376560287588612
3475	1964	4.212710153957064
3475	1968	4.269489218608388
3475	1991	3.318251051171962
3475	1997	4.269262493058062
3475	2015	3.98301709277105
3475	2022	3.957472639244516
3475	2058	3.9945693153762334
3475	2067	4.463201654438962
3475	2090	3.747077195026935
3475	2097	3.8220743401898503
3475	2109	4.185411174934119
3475	2146	3.6512740439042055
3475	2174	3.845684427908582
3475	2176	4.293083635776666
3475	2183	4.338747131968972
3475	2231	4.041148085111816
3475	2240	3.959380468679962
3475	2248	4.378231059649071
3475	2289	4.399368984532631
3475	2302	4.204990873621544
3475	2313	4.485963812197186
3475	2321	4.200466459350571
3475	2335	3.332403977028028
3475	2338	2.5706082227719644
3475	2347	4.134960598129548
3475	2378	3.4370831829267194
3475	2379	2.9806354460986464
3475	2384	3.857076423324727
3475	2386	2.461132327709996
3475	2387	3.1577036945695687
3475	2405	3.4561072726012494
3475	2410	3.3382124650237794
3475	2411	3.1701189413370137
3475	2422	2.66269770806535
3475	2463	3.875347820182989
3475	2471	3.0994317314302244
3475	2599	4.3740307451318365
3475	2605	3.486707062347643
3475	2657	3.593865571437268
3475	2671	4.187723299877564
3475	2677	4.420455386329378
3475	2683	3.725025021861404
3475	2700	4.0800499854394
3475	2701	2.5844531702113964
3475	2716	4.232088422352828
3475	2717	3.393993762511138
3475	2746	3.662213640151319
3475	2788	4.496156956604402
3475	2797	4.278550727835463
3475	2829	3.448812399206204
3475	2866	4.15755108858033
3475	2870	3.9931215158034647
3475	2873	3.106985497603044
3475	2915	4.013315305563631
3475	2950	2.7759377544103625
3475	2952	4.059789257725928
3475	3087	3.9914517329749057
3475	3089	4.721434337618216
3475	3104	4.33148400077708
3475	3176	3.931708060495948
3475	3250	3.881523857670631
3475	3256	4.086489684524001
3475	3259	3.882228637205932
3475	3271	4.287515968672382
3475	3272	3.596524193113334
3475	3330	4.300972498387519
3475	3362	4.390934487860863
3475	3388	3.3057099025271306
3475	3396	4.205790919323917
3475	3435	4.795746886433803
3475	3441	3.691350721191684
3475	3448	4.1975761192347525
3475	3450	3.901983706759432
3475	3468	4.6832588857823145
3475	3469	4.715477034046053
3475	3471	4.352216959477094
3475	3499	4.305695606332182
3475	3527	3.932895746610829
3475	3591	3.775739375605149
3475	3608	3.779463218048285
3475	3686	3.610286859850092
3475	3688	3.2104517344658854
3475	3730	4.610276672840641
3475	3753	4.12734961325139
3475	3755	3.575544813891182
3475	3791	3.491933040330967
3475	3836	4.411771901323143
3475	3897	4.641889429671344
3483	2769	3.330340454344189
3483	3318	3.3916536322735014
3483	3595	3.4826945574392862
3483	3911	4.156660706236283
3483	3943	3.0142689554068998
3492	3948	3.935562048001396
3512	50	4.653085402813519
3512	62	3.879179002780375
3512	592	3.811930768201327
3512	597	3.852101332656726
3512	1079	4.149531887707008
3512	1635	4.015602197227786
3512	1805	3.553949000289632
3512	2539	3.5997665423084766
3512	2640	3.7065266784401794
3512	2826	3.257847347687848
3512	2836	3.491653437813274
3512	3255	3.9213883949508817
3512	3481	4.067358024623471
3512	3526	3.855735626771676
3512	3916	4.094699113520825
3518	247	4.080081624585437
3518	911	4.345377500401756
3518	915	4.281412261597126
3518	916	4.395513380596468
3518	945	4.390643634437374
3518	1198	4.735651674656005
3518	1835	3.476148589082967
3518	3317	4.222938512642202
3518	3556	3.778999866312963
3518	3568	3.64329947303358
3518	3893	3.716313717675072
3519	74	2.4432049761291994
3519	3556	2.910909826762853
3519	3568	2.7711228861872903
3519	3893	2.9234704435026204
3520	358	2.988234065931507
3520	457	3.918236765425466
3520	593	4.267872658427746
3520	909	3.958492743417741
3520	1036	3.925496971480588
3520	1042	3.457500849706728
3520	1206	4.024399837683175
3520	1388	2.578607816211512
3520	2259	2.7430064801158465
3520	2268	3.882994554605312
3520	2346	3.201373781967338
3520	2422	2.16124972733003
3520	2431	3.1338126263017565
3520	2671	3.564018530321957
3520	2729	3.733307036959872
3520	3254	2.803167083335074
3520	3398	3.542551945588057
3520	3525	2.994077425798335
3520	3527	3.508059491766637
3520	3949	4.173940281924765
3547	581	3.7525982874632966
3547	831	3.42265343183264
3547	858	4.3167891423007205
3547	1036	3.886175090700464
3547	1183	3.3081127901889387
3547	1206	3.829791924496316
3547	1221	4.17375903604455
3547	1264	3.7797941439589264
3547	1535	3.199562638047036
3547	2067	3.8310858570023263
3547	2858	4.087870054876168
3547	2917	3.792820495044266
3547	2967	3.445787508946292
3547	3702	3.4707329700195357
3547	3749	3.4692965626444017
3547	3858	2.9839843850871595
3547	3897	4.019359124455025
3547	3914	3.180848966027339
3550	393	1.9319430528093728
3550	1260	4.157409168702141
3550	2231	3.5944477119148166
3550	2602	3.6269265503352535
3562	144	3.477952591730244
3562	2330	4.354260461572296
3562	3594	3.523013000146575
3562	3825	2.929082411467532
3562	3861	3.3144134876145257
3562	3901	2.6361853480716118
3624	3055	3.630964003453923
3626	32	4.116631434626746
3626	541	4.484098427226154
3626	903	4.52447638193923
3626	904	4.6688922900970615
3626	1136	4.6098802085065005
3626	1276	4.509442040981734
3626	1285	4.01933764624735
3626	1394	4.238467484506713
3626	1617	4.433050968729211
3626	3039	4.047509462287184
3626	3088	4.362938712309328
3626	3253	3.887609331665307
3626	3536	3.911464577793773
3626	3897	4.489156092577843
3648	1	3.8178892313033415
3648	2	2.74582336785657
3648	3	2.4636985356060968
3648	5	2.5995360343310097
3648	15	1.9500705821864048
3648	16	3.253417586114369
3648	18	2.704271398397424
3648	21	3.0677187106479504
3648	22	2.901847091553477
3648	23	2.389695911399045
3648	32	3.4902421154719985
3648	47	3.785946129070257
3648	48	2.3947013410221194
3648	69	3.1622858226630406
3648	70	2.995721022167546
3648	95	2.525794552227674
3648	104	3.056971108514583
3648	153	2.2408735246585527
3648	158	2.553404791898174
3648	161	3.161147441960281
3648	162	3.546630267863614
3648	163	3.2196174997505254
3648	170	2.6645076219378967
3648	172	2.2114466766423178
3648	173	1.9390075557953297
3648	185	2.4287096529959733
3648	196	2.334873140240363
3648	198	2.790491899907552
3648	223	3.92901297348852
3648	225	2.606340651108098
3648	227	2.268510723675261
3648	236	2.851658866850586
3648	240	2.540328181518894
3648	248	2.6115531000293983
3648	252	2.8223216506240347
3648	253	3.1646502591373578
3648	256	2.230394106497985
3648	271	2.840163277956811
3648	277	2.83093121575984
3648	288	2.87242557294984
3648	292	2.6823921572588847
3648	303	2.5584576722703902
3648	316	3.2343278970152687
3648	329	2.9765566166135256
3648	339	3.0229434473131875
3648	344	2.7891373124296845
3648	349	3.228753857601962
3648	350	2.87914879639248
3648	362	2.8251153579843757
3648	364	3.404242216169845
3648	370	2.359964997533156
3648	371	2.6341671493563794
3648	377	3.17560784397999
3648	379	2.482365915245998
3648	407	2.409542877872161
3648	409	2.648404083836795
3648	410	2.34645646820526
3648	414	2.3017147146116064
3648	424	2.1950094273146883
3648	429	1.944400115041786
3648	431	3.1437624136206503
3648	433	2.540602549761208
3648	434	2.778365688513145
3648	437	1.8381832963806677
3648	440	3.306847960174875
3648	441	3.271291635421789
3648	442	2.687397589689537
3648	450	2.8250780809052194
3648	466	2.407975995487515
3648	471	2.95729416335086
3648	479	2.4702995476218628
3648	480	3.216503489097483
3648	485	2.220671509988687
3648	486	2.508430710325471
3648	493	3.0116782543246754
3648	494	2.8764469569679907
3648	504	2.478517982607678
3648	510	2.2733772872930973
3648	511	2.6117769794411227
3648	516	2.3782310658180075
3648	518	2.06142410859863
3648	520	2.6592335928241635
3648	531	3.343376770332286
3648	533	2.3842012261624967
3648	539	3.6021757272928387
3648	544	2.2920536989678144
3648	547	2.4691368050079547
3648	548	2.1555821470419168
3648	551	3.166238363251477
3648	552	2.7997462902045704
3648	553	3.5284115472120856
3648	564	1.9973033759758965
3648	585	2.4126010356975214
3648	586	2.7165147743457734
3648	588	3.3126614397075422
3648	589	3.95473518335558
3648	597	3.2772453518229203
3648	653	2.8110621599413386
3648	662	2.3640570663285843
3648	671	3.278516380053243
3648	694	2.2982600839251086
3648	700	2.840532593094654
3648	724	2.661932259837004
3648	725	2.5664105756386077
3648	743	2.1222031664301078
3648	782	2.162897029612066
3648	784	2.2219578159005327
3648	785	3.048177589502527
3648	788	2.544389329574806
3648	818	2.057306287269963
3648	830	2.57078074332452
3648	836	2.1248353666666966
3648	852	2.755377562094196
3648	866	3.410695066444866
3648	875	3.0291099327701314
3648	996	2.550516744377091
3648	1005	1.862911315335072
3648	1015	2.809666271067691
3648	1021	2.2914640309657863
3648	1037	2.244327211371173
3648	1047	3.0148436568013666
3648	1061	3.050312273009267
3648	1120	3.070858214647912
3648	1215	3.341350330628694
3648	1222	3.542037216755276
3648	1265	3.426238670425956
3648	1268	2.995130469161841
3648	1339	2.9991935592236363
3648	1342	2.385471562908748
3648	1343	3.233222451317518
3648	1356	3.396452942228808
3648	1377	2.599248289298077
3648	1379	2.573785033442104
3648	1385	2.731964911242305
3648	1390	2.795642005105921
3648	1391	2.673494458987945
3648	1393	3.2639435737446654
3648	1396	3.2987722041354663
3648	1457	2.718524782415732
3648	1461	2.1067461755321317
3648	1466	3.3112828216125907
3648	1476	2.94960656568602
3648	1483	2.383117387042077
3648	1485	3.027147068806912
3648	1513	2.490010340170696
3648	1541	2.687276571086847
3648	1544	2.403475316038386
3648	1552	2.9040111330009384
3648	1569	3.035183957528361
3648	1573	3.259142599027121
3648	1586	2.5539000760948087
3648	1604	2.416448158869308
3648	1608	3.0903336332268854
3648	1614	2.8912576310849403
3648	1639	3.426438161888214
3648	1642	2.609194527363949
3648	1645	3.1742114454508017
3648	1661	2.7522560365019344
3648	1665	2.171373445892316
3648	1667	2.3198492387003844
3648	1673	3.255066925297679
3648	1676	2.8970066022104244
3648	1687	2.722826932111139
3648	1688	3.022157892877179
3648	1702	2.2247813578822875
3648	1713	2.618000913484809
3648	1717	2.5612935337269715
3648	1721	3.0805978811187926
3648	1747	2.900794267833881
3648	1753	2.690984472540597
3648	1805	2.9859434987916664
3648	1831	2.082409501989219
3648	1845	3.2385466204710496
3648	1854	2.7198348280330675
3648	1855	2.182241207839657
3648	1895	2.8015469077555566
3648	1907	3.1892349477113884
3648	1909	3.108014244824566
3648	1917	2.9314940341829048
3648	1918	2.665631566164584
3648	1954	3.3832098793757184
3648	2002	2.7463993360399623
3648	2004	2.1316183282037
3648	2006	3.276380597955818
3648	2012	2.9787339297362205
3648	2026	2.1913282088201287
3648	2052	2.4635966690625586
3648	2082	2.24296647532758
3648	2094	2.6466329064936667
3648	2106	2.858888852728413
3648	2108	3.0970017729372
3648	2120	2.420426720138736
3648	2124	2.6026928381584957
3648	2125	3.1477151859586154
3648	2126	2.277363346787445
3648	2137	3.268759673376272
3648	2148	2.400613314418365
3648	2155	2.7149496966652977
3648	2166	2.973173697518292
3648	2167	3.1224160064818656
3648	2168	2.6150296883335
3648	2188	2.286245765686696
3648	2245	2.9673274112529957
3648	2268	3.4853304296526746
3648	2269	2.3633219208008627
3648	2273	3.1277722339384217
3648	2279	2.337626921114749
3648	2282	2.9460656919708774
3648	2294	2.9175893824670025
3648	2302	3.2408399026582915
3648	2321	3.262448641981203
3648	2329	3.896151011097884
3648	2335	2.4763082813261144
3648	2355	3.4984192048650087
3648	2409	2.643445588727922
3648	2410	2.493274587713879
3648	2411	2.3694602724838094
3648	2412	1.754616171967426
3648	2429	2.365502958260455
3648	2431	2.675673472798222
3648	2447	2.6563993737741063
3648	2485	2.505286997829704
3648	2539	3.0257490486689647
3648	2541	2.748131136120752
3648	2558	2.315110062014518
3648	2574	2.353819670010231
3648	2581	2.658302887889971
3648	2605	2.7658503250147044
3648	2616	2.1505107852722816
3648	2628	2.9648423218805524
3648	2640	3.054814287425294
3648	2642	1.8638543334074664
3648	2643	1.50979466232578
3648	2671	3.309467369651484
3648	2672	2.665370087693486
3648	2688	2.5772402798015324
3648	2692	3.8516110735912994
3648	2699	2.6654537084689154
3648	2702	2.4843424440770407
3648	2706	3.5436644891304967
3648	2710	2.53665065023398
3648	2712	2.530069473510044
3648	2763	3.22242396787172
3648	2771	2.3183430303361434
3648	2803	2.7310607547990475
3648	2808	2.254144251406737
3648	2860	2.7889360518344946
3648	2881	2.7331289430754437
3648	2978	2.484008327891582
3648	2995	1.959812643460927
3648	3005	2.9105198431794355
3648	3020	3.001418178908883
3648	3051	2.391286213285296
3648	3052	3.450089956081753
3648	3060	3.329459352234949
3648	3113	2.0794086362105624
3648	3120	2.5984135835297733
3648	3156	2.5875315896868
3648	3175	3.1932599810455247
3648	3186	3.005822053741644
3648	3208	2.342696622387809
3648	3225	2.2629284548393245
3648	3243	2.2014894847375004
3648	3248	2.178840655292108
3648	3250	2.953218749872218
3648	3252	3.2461976047469374
3648	3253	3.1550634231941674
3648	3255	3.1954382242726798
3648	3256	3.24452783590262
3648	3259	2.912876112641529
3648	3263	2.691293013433964
3648	3264	2.576487177562685
3648	3273	2.2162024927004733
3648	3274	2.6315780368206694
3648	3325	1.843131257278758
3648	3386	3.2690197269355954
3648	3396	3.2625315459656834
3648	3408	3.3641200472056583
3648	3409	2.9087456757672525
3648	3418	3.1589140173166554
3648	3438	2.294473917920688
3648	3450	2.921435011637354
3648	3453	2.088732379877162
3648	3502	2.987847494512317
3648	3614	2.7567325283483157
3648	3616	2.0684928809294854
3648	3623	2.90389717205802
3648	3686	2.6965965445955304
3648	3761	2.8124599232754703
3648	3790	2.711628782881325
3648	3827	3.126425960081659
3648	3862	2.8767665269762106
3652	1080	3.865584609010453
3652	1136	4.156532870840192
3652	2617	3.12594026470455
3652	3555	3.3795442424120647
3652	3745	3.3096050905033687
3665	344	3.3470534275930333
3665	1503	2.3694496335842112
3665	2031	3.675755209628373
3665	2124	3.3543894216203816
3665	2311	3.608859602880075
3665	2475	3.464872380769654
3665	2502	4.0706915274470425
3665	2505	2.870761740024156
3685	165	3.433113770685357
3685	3798	3.208267178492178
3688	16	4.176290641386146
3688	242	3.9156569920217343
3688	599	4.433304210183743
3688	904	4.858015739907263
3688	948	4.124917627244455
3688	1103	4.306630532009314
3688	1249	4.356056215669774
3688	1354	4.304236953688892
3688	1961	4.5600024110070105
3688	2022	3.91808828744645
3688	2087	4.013055232264616
3688	2155	3.718904119650327
3688	2762	4.751964596280216
3688	2951	4.439601824371311
3688	2971	4.205376622183248
3688	3071	4.194656937351034
3688	3098	4.290456947584782
3688	3159	4.168371671714032
3688	3201	4.416115668590912
3688	3222	4.384048521737824
3688	3358	4.199506078713935
3688	3365	4.393829946399719
3688	3475	4.276605450619289
3688	3730	4.680927028704382
3691	652	3.4586781850497426
3691	3179	3.706259968062557
3693	800	4.028735434895175
3693	915	3.9719283813429818
3693	916	4.092697663323105
3693	1221	4.297337677053414
3693	1643	3.805380107789572
3693	2329	4.148617176752101
3693	2331	3.084709728875523
3693	2706	3.4954290160289925
3693	2872	3.793164378939671
3693	3203	3.620290212211272
3693	3861	3.0863996406270324
3717	858	4.3938600343307055
3717	1221	4.258164653833267
3717	1358	4.050658000176015
3717	3510	3.6056966463996103
3733	260	4.266654459122358
3733	778	3.837237189628603
3733	1136	4.310193036510746
3733	1198	4.332629290845728
3733	1271	3.64986724421193
3733	2028	4.241301709839311
3733	2289	3.810314887175525
3733	2324	4.254592783019232
3733	2329	4.144175552787027
3733	2396	3.8985575995481896
3733	2580	3.6952792664965073
3733	2858	4.265063405467796
3733	2959	4.008034828377308
3733	3067	3.8179685921200814
3733	3147	4.055393405891222
3733	3174	3.4824573325404966
3733	3178	3.734360753207584
3733	3186	3.39718191793217
3733	3253	3.5751097372217626
3733	3361	3.64874128110532
3733	3950	3.306803224079748
3751	647	2.901430390383462
3751	1036	3.459952154919105
3751	2340	2.682686074646308
3751	2635	2.576676215363977
3768	9	2.536608782964857
3768	173	1.987186144348419
3768	266	3.183760960741839
3768	272	3.4477107809983303
3768	903	4.05780546743501
3768	1101	3.430930652977762
3768	1378	3.2765371748608416
3768	1396	3.4543480741217447
3768	1429	3.067372185919296
3768	1591	2.439156583951553
3768	1858	3.2049335833030645
3768	1927	3.933580709557407
3768	1955	3.657712774603758
3768	1982	3.587139467870858
3768	2167	3.2872999798947804
3768	2376	3.0373389076103967
3768	2403	3.288932373851083
3768	2410	2.771586307207536
3768	2411	2.546796236994504
3768	2457	3.1081483264455003
3768	2639	3.014915371564149
3768	2722	2.68785940615177
3768	2746	3.133587703326861
3768	2764	3.3846054226137547
3768	2782	3.4073794151987737
3768	2947	3.840802588122411
3768	2948	3.70504034269179
3768	2949	3.660811827999845
3768	2989	3.32095413827111
3768	2990	2.974058219638432
3768	3000	3.954904457676021
3768	3024	2.245872486704852
3768	3265	3.87769173214491
3768	3396	3.6749321846718073
3768	3398	3.4253531388757144
3768	3442	2.455249948727888
3768	3551	3.6594130819301633
3768	3660	2.565990882156677
3768	3704	2.957844355006059
3768	3745	3.310970692371296
3768	3782	2.7386476340231773
3768	3859	3.66175220934598
3768	3911	3.938391362974074
3768	3918	2.632058345590896
3768	3926	3.136528719030295
3768	3932	3.555926350389992
3768	3949	4.060751432826674
3773	3821	2.5906758949763176
3807	973	3.776058770671506
3821	386	1.8942688087456327
3821	549	3.0621382188691983
3821	751	2.599416937698854
3821	911	3.3255223394322715
3821	928	3.375191628333802
3821	930	3.63110927312773
3821	1295	2.9971892694973667
3821	1331	2.5125559852440285
3821	1889	2.940941784635317
3821	2505	1.944589784917094
3821	2594	2.873518287669019
3821	2872	3.1497684108536848
3821	3089	3.7343174381304256
3821	3326	1.9468838990416983
3821	3415	2.613723229600384
3821	3593	0.8792374579153366
3821	3616	1.7647143671032846
3821	3646	1.6166051338286602
3821	3726	2.813578913728718
3821	3786	2.40503485821181
3821	3793	2.5015792191239528
3821	3858	2.413178255976093
3824	95	2.534359159208888
3824	292	2.950464837841619
3824	423	2.78412874817504
3824	652	2.8418564283689336
3824	707	2.534672032931314
3824	1479	2.799509405365985
3824	1615	3.426036815319491
3824	1616	2.815560574984852
3824	1687	2.789088273863024
3824	1752	2.32709016521559
3824	1769	2.8746323498284454
3824	1805	2.9850733449727964
3824	1833	2.68476371919902
3824	2177	2.7772508221473755
3824	2210	3.388692007956391
3824	2273	3.259724616527186
3824	2501	3.8758292306213336
3824	2605	2.8524905915387526
3824	2803	2.8846417014257604
3824	3249	2.622826467155626
3824	3257	2.5793815881734337
3832	111	4.0212497151695885
3832	541	4.042056661748138
3832	581	3.81111700938428
3832	904	4.289591323685818
3832	919	4.103436973509382
3832	923	4.228002067717563
3832	1041	3.894128171873232
3832	1060	3.768483581314991
3832	1104	4.025590736652565
3832	1136	4.164909662116886
3832	1191	2.984199113250435
3832	1192	3.831281834231214
3832	1196	4.171505402051588
3832	1219	4.124164366592509
3832	1221	4.225038884597833
3832	1225	4.096279391529915
3832	1228	4.0693885806225225
3832	1254	4.122324445422529
3832	1657	3.477081548580361
3832	1945	4.113590356410933
3832	2064	3.871236816318141
3832	2593	3.45653236339123
3832	2804	4.076171042538007
3832	2935	4.02729997476504
3832	3007	3.946683500410095
3832	3182	3.818293562478042
3832	3362	3.819856049455285
3832	3363	3.840574489978141
3832	3435	4.259848274356497
3832	3679	4.052473239784401
3832	3859	3.700957183295655
3832	3911	3.98815976897178
3832	3929	3.8324451019445855
3832	3943	2.7968429351126933
3832	3949	4.114632739189466
3833	1303	4.12222382717617
3833	1610	4.082900646215824
3833	1883	3.662164860864102
3833	2687	3.5113893160466327
3833	3159	3.7992278399002513
3834	3300	3.412466010558929
3834	3328	3.987591910601911
3834	3354	2.806639096468085
3834	3409	3.4707818188730664
3834	3481	4.113038410772436
3834	3510	3.9629892527956905
3834	3556	3.718985846951077
3834	3571	3.624808750752096
3834	3598	3.489070615123477
3834	3623	3.3889467326554024
3834	3646	2.6707918857972905
3834	3744	3.3875208780767463
3834	3790	3.385141773030852
3834	3827	3.5617228123685467
3834	3949	4.454563597581682
3840	356	4.411400805364329
3840	590	4.124459064422674
3840	899	4.4681733565559725
3840	1101	3.823785889666557
3840	1193	4.546040818328104
3840	2794	3.2328137169315525
3840	2795	4.1026132537163305
3840	3751	4.012013510753169
3840	3753	3.856906518578036
3840	3911	4.263783561458515
3842	908	4.419583667825977
3842	1945	4.245270801491752
3916	3911	4.024403389662429
3940	969	3.9922665890345
3940	1900	3.8523563512233294
3940	2700	3.504311343378228
3940	2744	3.447131662169249
3940	2762	4.172117456475
3940	3147	3.8813567512312974
3940	3317	3.7324767055393857
3940	3753	3.4302521409333786
3940	3897	3.979300202879572
3971	62	3.5417400329938955
3971	222	3.4209816022544866
3971	1092	3.63629344164896
3971	1407	3.531356972349239
3971	1680	3.636580364704725
3971	2571	4.110913937785083
3971	3274	3.030561986256476
3971	3285	2.531725588275113
3971	3481	3.667340709406808
3971	3755	3.208111369167253
3971	3911	4.030422256112418
3971	3949	4.108225949226129
3995	527	4.7070089875633645
3995	1198	4.706397793494652
4005	2769	3.3109499845955934
4005	3717	3.034880423767233
4005	3720	3.694123662278201
4005	3753	4.010089034341671
4042	150	3.850086750470569
4042	342	3.3914216160585133
4042	522	3.3807846778276645
4042	1059	3.1887675859845794
4042	1180	3.501222067042859
4042	1498	2.9971715078602066
4042	1653	3.5259661326726333
4042	2334	2.8919555845188034
4042	2871	3.6871679757685953
4042	3148	3.7671127446971697
4042	3512	3.448657428523805
4042	3897	4.049494839600144
4058	62	3.711308710573585
4058	147	3.265856903514645
4058	150	4.064384559399623
4058	417	3.4141156182450185
4058	441	3.6996813563830337
4058	597	3.6928050769402367
4058	778	3.9627474166320074
4058	920	4.057894134001062
4058	953	4.321896752864113
4058	954	4.282970124595886
4058	994	4.046293404800768
4058	1012	3.741144515930785
4058	1032	3.6760171470047474
4058	1035	3.943783855161512
4058	1120	3.5685230699362385
4058	1124	3.808986868464214
4058	1231	4.118895542527
4058	1246	3.979408565681756
4058	1302	3.899655902459817
4058	1393	3.794889628690047
4058	1639	3.7852035296315623
4058	1673	3.740449466336353
4058	1693	3.757070876973273
4058	1704	4.1894168192012735
4058	1777	3.4543182790430955
4058	1810	3.585395522217326
4058	1951	3.6682872955030255
4058	2083	3.721004421170353
4058	2114	3.6094498700079263
4058	2137	3.836081826882983
4058	2139	3.8150202626281216
4058	2288	3.7580396139716
4058	2294	3.4802222316306644
4058	2321	3.749013519827954
4058	2398	4.026795538168984
4058	2420	3.538356750208061
4058	2457	3.323483544853288
4058	2734	3.387768524604244
4058	2795	3.856969348865423
4058	2929	3.444829425279704
4058	2947	3.9911908955307065
4058	2959	4.000898811867515
4058	3098	3.8280597416196778
4058	3100	3.721929310679809
4058	3105	3.832520509958369
4058	3148	3.9826894732943017
4058	3214	3.401636434210078
4058	3250	3.4531322990842304
4058	3252	3.78139542486115
4058	3259	3.4465860156251464
4058	3317	3.969136467239878
4058	3359	4.098626316133882
4058	3360	3.976796453003951
4058	3408	3.830843938810085
4058	3526	3.701405553184562
4058	3654	3.955263497348585
4058	3723	3.6508460403456513
4058	3868	3.7002784084947584
4058	3893	3.530576460447255
4058	3897	4.263049033202926
4058	3911	4.166414832726925
4058	3916	3.966010649886421
4058	3949	4.261697183931271
4063	110	4.0479580250602485
4063	527	4.500266240398566
4063	858	4.331072434587486
4063	919	4.160820830748544
4063	1193	4.18795392334468
4063	1196	4.225509802969959
4063	1266	3.7923057475738977
4063	2028	4.279134160805765
4063	2398	3.887047707588732
4063	3147	3.993774209914336
4063	3189	3.4707447449982998
4063	3354	2.4967261627111696
4063	3510	3.5914505649501387
4063	3555	3.4132126364845305
4063	3578	3.965098667632732
4063	3593	1.4550083757573655
4063	3604	3.499756353915356
4063	3623	2.9938774137167816
4063	3717	2.7735836219560173
4063	3751	3.69683903008052
4063	3753	3.7225129673704336
4063	3864	2.512931511071413
4063	3916	3.761270836001752
4079	3035	4.318621862751661
4089	356	4.315173699183326
4089	1073	3.993117757012972
4089	3901	2.608991052478039
4089	3949	4.369009266384094
4116	3298	3.59311986082755
4116	3408	4.00418412772261
4116	3481	4.067403235864773
4116	3717	3.1289339580590605
4116	3893	3.6633367961217136
4126	19	2.7200325665456493
4126	361	3.5809734154864943
4126	489	2.761593640719588
4126	891	2.4522784574658023
4126	1094	3.761117552731962
4126	1302	4.147461978727683
4126	1383	2.3189220367596435
4126	1544	3.2829926298503693
4126	1804	3.1773852428653755
4126	1831	2.6995947691210738
4126	1916	3.5957369475199257
4126	1982	3.6939765431112472
4126	1983	3.048900726841152
4126	1984	2.4427231234969398
4126	1985	2.79222325888755
4126	1986	2.581933015384825
4126	2072	3.19146149220527
4126	2085	3.671669550889803
4126	2107	2.9629791545992403
4126	2123	3.1936851008460647
4126	2125	3.710444705525962
4126	2273	3.631147166415737
4126	2671	3.767449998985216
4126	2706	3.9637427051086074
4126	2717	3.250563056280136
4126	2763	3.4821700214532902
4126	2953	2.858455696022521
4126	3033	3.2831703096836247
4126	3267	3.882087913173272
4126	3360	3.988680564499934
4126	3499	3.759602517285295
4126	3707	3.3533884901271014
4126	3827	3.539776762039914
4169	1930	3.706836891087347
4169	2175	3.666556949228535
4169	2589	2.8352255085064204
4169	2827	2.265603404861329
4169	3126	3.710519911465903
4169	3154	3.4632831477333514
4169	3239	2.7091528163796164
4169	3292	3.721288722820257
4169	3301	3.748339068606304
4169	3314	3.889357152677759
4169	3324	2.627505788339612
4169	3326	2.8993314652555555
4169	3355	3.1145215559059425
4169	3380	3.3417839956787194
4169	3522	3.5450839754503205
4169	3857	2.7110507630215386
4169	3895	2.180198256802621
4169	3950	3.3439706761761614
4258	237	3.0676195221260194
4258	252	3.4765425538651176
4258	539	3.8849118720748663
4258	597	3.7191119731631255
4258	605	3.449686777954907
4258	804	3.165063810871621
4258	914	4.320870799367079
4258	1035	4.012277972689737
4258	1283	4.230397266829095
4258	1457	3.3283007503829047
4258	1639	3.872715279745488
4258	1912	3.9131894403564655
4258	1947	4.1718508036887485
4258	2395	3.8084473964604846
4258	2572	3.498077205293018
4258	2718	3.1482430162173403
4258	2759	3.49008477537426
4258	2863	4.162538999830187
4258	2922	3.87927399616904
4258	3536	3.808708558547092
4277	708	3.8315137779748953
4277	1042	4.025209098713953
4277	1458	3.44327706112061
4277	1640	3.1309275336266413
4277	1650	3.730266075693258
4277	1914	4.293951864648784
4277	2060	3.573467381560217
4277	2071	4.396386644178341
4277	2236	4.216522430069601
4277	2320	3.545358893453181
4277	3115	3.7135128633976895
4277	3225	3.136447929235528
4277	3316	3.3698181743179423
4277	3484	3.222752558719141
4277	3513	3.8685680037621135
4277	3525	3.54445524681859
4277	3625	4.119251411611416
4277	3853	3.952548486195926
4312	280	3.279267190867289
4312	373	3.56622627079558
4312	912	4.124350861335637
4312	969	3.9692098515458394
4312	1094	3.506095459050553
4312	1120	3.295935014208081
4312	1906	2.827668409168444
4312	1921	3.4852530684341394
4312	1960	3.687847370126714
4312	2078	3.5156703089615635
4312	2080	3.531570596282831
4312	2248	3.700131779045639
4312	3018	3.359245468719518
4312	3071	3.509920249097219
4312	3178	3.5992715758448424
4312	3285	2.3551781379951904
4312	3298	3.182854108793584
4312	3300	2.9705152492299938
4312	3394	2.389977712934756
4312	3396	3.605240055693229
4312	3408	3.579063270674519
4312	3452	2.895272709635816
4312	3453	2.289404848741267
4312	3461	3.3013348846512933
4312	3513	3.071588366310894
4312	3535	2.9031977354371272
4312	3555	3.2717480675230277
4312	3556	3.253968852158166
4312	3593	1.4099518685496273
4312	3597	2.4938189813374723
4312	3616	2.325660143850969
4312	3617	3.0695094927324105
4312	3623	2.942129012788013
4312	3717	2.7148035543973505
4312	3751	3.5924034467582677
4312	3752	2.800635254033042
4312	3753	3.4746085789366274
4312	3755	3.0655235520907387
4312	3785	2.7056150381681454
4312	3793	3.4899977897350274
4312	3798	3.078769284819708
4312	3825	2.5335867435517136
4312	3826	2.323260841519878
4312	3831	3.4650392113174724
4312	3860	3.1637533464393988
4312	3863	2.974146798540195
4312	3893	3.261218121147638
4312	3896	3.0318010062200185
4312	3897	3.980445972834283
4312	3946	2.0794153105419397
4312	3948	3.392899927594771
4312	3952	3.5045790684928564
4448	70	3.6572715710602033
4448	1449	4.705834699118086
4448	1834	4.55828193039174
4448	3563	3.5332401208265973
4448	3897	4.8168554473364935
4465	1176	3.421153806632998
4465	1217	3.942503132736905
4465	1245	3.647152692318493
4465	1333	3.603097145484744
4465	1394	3.79572027895234
4465	1860	3.4378219124095626
4465	2542	3.437300070689202
4465	2624	3.7031855857591913
4465	2973	3.782591686266658
4465	3720	3.342337020758286
4465	3822	3.5476760437825767
4508	358	2.9954317291604355
4517	160	1.865086877091998
4517	203	2.714503353059642
4517	296	4.232010150784956
4517	1639	3.508287083340174
4517	2581	2.838782370031
4517	2692	3.954764541754989
4517	2918	3.811124363413616
4517	3481	3.674925040980529
4543	3753	3.4316058751930765
4562	1028	3.4932600505740554
4562	1073	3.3961556564384003
4562	1220	3.465362934678097
4562	1958	3.2409039644512223
4579	50	4.442383303944165
4579	296	4.288567958121775
4579	480	3.6048933435158577
4579	527	4.516773788473819
4579	534	3.727878572785385
4579	541	4.09201299653141
4579	599	3.899928951830072
4579	608	4.11795656409625
4579	616	3.099772752599629
4579	972	3.220771864689062
4579	982	3.426612987246899
4579	1014	3.332187497604039
4579	1031	3.3027543774245967
4579	1033	3.2846789030006254
4579	1077	3.7714887158687262
4579	1172	4.15688318389158
4579	1177	3.750691898513753
4579	1204	4.254272944764423
4579	1223	4.22151277126222
4579	1235	3.926081828176131
4579	1244	3.902213969258526
4579	1278	4.124584113933477
4579	1288	4.00148781505782
4579	1333	3.759834071624214
4579	1344	3.7929095488651634
4579	1617	4.054884821730934
4579	1641	3.771540217418593
4579	1704	4.045886846473377
4579	1955	3.73199771058022
4579	1957	3.750399115395085
4579	1963	3.857909026048613
4579	1967	3.4879702431303987
4579	2010	3.999769695401432
4579	2014	3.051331145707955
4579	2020	3.84892356363238
4579	2109	3.671157606172974
4579	2115	3.66059767271793
4579	2116	3.2690691065972084
4579	2181	3.5120065401686995
4579	2187	3.427906338380492
4579	2203	3.994208210775584
4579	2210	3.570671500688176
4579	2324	4.23506252963881
4579	2405	3.0079867782860794
4579	2413	3.1428958256886736
4579	2423	3.4288177004520044
4579	2571	4.400427379625043
4579	2644	3.757278846696496
4579	2690	3.5129639902097334
4579	2762	4.299195897206479
4579	2858	3.976039766310312
4579	2966	3.920534183801352
4579	2968	3.5405209810505096
4579	3000	4.000618721727727
4579	3044	3.692009170385816
4579	3087	3.3296059817769565
4579	3125	3.4096953247062465
4579	3148	3.768491168423884
4579	3152	3.738419693314476
4579	3160	3.867324769831729
4579	3260	3.667007951038117
4579	3331	2.6383818106665777
4579	3396	3.706814617750143
4579	3422	3.252588588780024
4579	3429	4.117778021676339
4579	3452	3.023672936849666
4579	3456	3.6801478824259033
4579	3461	3.440653433107733
4579	3471	4.048791541921016
4579	3483	2.987240253705227
4579	3492	3.596083412790612
4579	3555	3.5255480310457754
4579	3571	3.311759222393157
4579	3600	2.7076017696743984
4579	3615	2.996452617595971
4579	3624	3.603120421081048
4579	3642	3.008242349489603
4579	3671	3.86226439161188
4579	3745	3.391406650118177
4579	3760	3.5116497988691004
4579	3785	2.790578711800455
4579	3807	3.307866996797856
4579	3845	2.9249891911479984
4579	3893	3.39220456978847
4579	3932	3.626109720660801
4591	1060	3.6989794987280793
4591	3812	3.314304529263324
4593	110	4.181143195114228
4593	924	4.077790653851971
4593	1684	3.690017093336429
4593	1784	3.9142966629033698
4593	3756	3.618037921431693
4593	3911	4.12601785064858
4600	908	4.476405699961923
4600	1197	4.403449529661246
4600	2841	3.7187512632226274
4600	2858	4.44292944068179
4600	3005	3.440189260393294
4600	3052	3.872495344505334
4607	6	3.93498654433934
4607	39	3.773620415665551
4607	47	4.179641294546664
4607	52	3.648297563960053
4607	101	3.8489296141546543
4607	150	4.142425452288342
4607	162	4.148078884108209
4607	190	3.8463798746638136
4607	194	3.8319805973222127
4607	247	3.8753112011597497
4607	260	4.42169560140669
4607	272	3.723171298066682
4607	293	4.292830179617626
4607	300	3.848077671604175
4607	334	3.872143404147357
4607	357	3.818923191866639
4607	364	3.9177224267788673
4607	377	3.572277037428739
4607	471	3.733726483195559
4607	474	3.862795792984999
4607	475	3.974741397680145
4607	497	4.06189043291124
4607	515	4.066964884311258
4607	529	4.092608524479578
4607	534	3.893013547557288
4607	538	3.952738541775215
4607	543	3.4319915823753218
4607	551	3.8453665533216648
4607	555	3.97967030288976
4607	590	4.040156050827424
4607	728	3.838801371686893
4607	838	3.9202762081660887
4607	1060	4.016216658429687
4607	1120	3.614333735671549
4607	1183	3.6351514929654174
4607	1190	3.6078669393945697
4607	1223	4.356390071828984
4607	1245	4.027941947941764
4607	1357	3.890414372223564
4607	1404	3.223130669233022
4607	1408	3.878234859311087
4607	1411	3.96669308206834
4607	1517	3.944239013463958
4607	1584	3.896589174139286
4607	1594	3.894481207110611
4607	1641	3.875275090825884
4607	1673	4.038482540200087
4607	1682	3.914546962483377
4607	1699	3.546950964464515
4607	1729	3.767915339063696
4607	1805	3.4148377888878745
4607	1885	3.769275341042457
4607	1907	3.76078230882504
4607	1912	3.935663137275919
4607	1919	3.224062923140036
4607	1921	3.865200702747397
4607	1966	3.728498713324302
4607	2023	3.5100719475542967
4607	2071	3.9742792925352486
4607	2108	3.831556652189182
4607	2280	3.3913863365622645
4607	2302	3.847895317048017
4607	2384	3.485671079088165
4607	2427	3.488838494760696
4607	2442	3.945443203704768
4607	2583	3.7234623269492375
4607	2671	3.7669368589611127
4607	2690	3.714171750372279
4607	3000	4.2177399744599535
4607	3108	3.7095081240082513
4607	3145	3.4638422643792466
4607	3147	4.163262195473384
4607	3181	3.8553141723399222
4607	3203	3.729680430510697
4607	3358	3.721311103786466
4607	3766	2.606738496295705
4607	3920	3.782027660752085
4611	924	4.153613409460383
4611	1258	4.159691797714028
4611	1398	3.2713186229172417
4624	1449	4.333583981219545
4647	2359	3.7924158715950806
4647	2930	3.743630117170997
4647	3514	3.0725955627968538
4680	176	3.5229196618392176
4680	1194	3.171661288698849
4680	1198	4.134971696787135
4680	1240	3.804748509966708
4680	1254	3.901815044141496
4680	1296	3.685341818419977
4680	1968	3.4902468808331526
4680	2065	3.286057011611446
4680	2915	3.245911470533424
4680	3114	3.8479877768615016
4680	3911	3.769586506722668
4682	762	2.5016191087970934
4682	1188	4.272293708025269
4682	1449	4.499857315084569
4682	1616	3.395887308391908
4682	1631	3.698335038137812
4682	1746	2.9371227307103265
4682	1901	3.646568174431739
4682	2278	3.8707890258661
4682	2297	3.473652663011449
4682	2446	2.677144920258265
4682	2607	4.486100607263172
4682	2841	3.9136929942061096
4682	3000	4.502113483231328
4682	3077	4.617321472351575
4682	3317	4.337470019333089
4682	3515	3.552679466693207
4682	3556	3.8666422559007056
4682	3820	2.225507842216529
4682	3827	3.7079795257670254
4682	3865	3.621694364123589
4682	3896	3.612433761336981
4682	3905	4.029611225493005
4682	3948	3.96163362429217
4682	3952	4.12894993466913
4697	838	4.666704019589914
4697	1215	4.57754219613216
4697	1619	4.2496163566199145
4697	1625	4.688160238269493
4697	1653	4.593468935830634
4697	1748	4.696055937436293
4697	1866	3.985259672362987
4697	2026	3.4604095236104757
4697	2396	4.904922058728118
4697	2580	4.634410703757917
4697	2589	3.734988972952091
4697	2600	4.219126436545272
4697	2605	3.9390031643940726
4697	3484	3.5835659189870204
4700	541	4.219679346734147
4700	653	3.162279898144366
4700	1009	3.1716513323677966
4700	1148	4.374618855152807
4700	2021	3.222587912022061
4700	2080	3.6748114783901697
4700	2093	2.8915923850762155
4700	2300	4.058234809457825
4700	2565	3.8507411491029706
4700	2997	3.901439795796377
4700	3479	3.5861305071435554
4700	3612	3.4723841534354536
4727	527	4.401589071901157
4727	3185	3.2231270984650315
4727	3481	3.544780810180977
4727	3536	3.521890709934953
4727	3753	3.7313660867056577
4727	3911	3.9956686498439136
4727	3951	3.7736742706321382
4753	452	3.076559308261721
4753	3078	3.3260004971207024
4771	35	3.337032497606688
4771	49	3.5035479046041047
4771	131	2.7610001214610334
4771	151	3.452520079938476
4771	215	3.5985898399779184
4771	249	3.6097087428299632
4771	266	3.2560176408197528
4771	309	3.516675137038337
4771	351	3.1300241668505806
4771	446	3.9322831722792135
4771	509	3.565397173934242
4771	534	3.68908019014814
4771	613	3.4622210497964345
4771	764	3.18612968877724
4771	866	3.724162830550896
4771	916	3.989960902495251
4771	1046	4.02477224415177
4771	1188	3.803166165997739
4771	1415	3.1914542078157675
4771	1475	2.999861694062681
4771	1669	3.0448366779198293
4771	1673	3.635170449829245
4771	1721	3.34661198838726
4771	1874	3.3540526053007285
4771	1893	3.5397142444367864
4771	1902	2.750383195269908
4771	2025	3.1268340901583667
4771	2065	3.468481681074856
4771	2323	3.764189472966797
4771	2621	3.460612002064976
4771	2801	3.41173033099498
4771	2998	3.438521771133548
4771	3357	3.648752339235867
4771	3528	3.244867005002789
4785	3408	4.13555556611259
4785	3505	4.139965115955897
4802	50	4.785080586816314
4802	199	4.187010074425757
4802	265	4.447710419726589
4802	500	3.81073141723587
4802	589	4.61700670021197
4802	880	2.623616646864339
4802	944	4.3400666142753845
4802	949	4.304100964435002
4802	1029	4.063373624272736
4802	1036	4.5162155260319405
4802	1080	4.476203451112163
4802	1090	4.46448357040557
4802	1200	4.517221861072609
4802	1208	4.615154086394047
4802	1228	4.5811107703941145
4802	1231	4.526998406101197
4802	1240	4.594972368169531
4802	1247	4.66825450524841
4802	1371	3.5010151965369105
4802	1779	3.072551780239551
4802	1804	3.453572328185541
4802	1894	3.2902954315906348
4802	1917	3.445746911242199
4802	1944	4.47490134614774
4802	2028	4.684418501348882
4802	2054	3.528678457719864
4802	2105	3.711959217060967
4802	2132	4.504098093315636
4802	2137	4.201329774550296
4802	2194	4.332988545879818
4802	2207	3.683114575352624
4802	2215	3.927350626700007
4802	2273	3.903780567363013
4802	2313	4.416748688070386
4802	2346	3.66488951982741
4802	2408	3.0390593264992707
4802	2450	2.4979137303753727
4802	2456	2.741375178406712
4802	2526	2.9726480288206285
4802	2531	3.1861142612387687
4802	2532	3.216015090840478
4802	2533	3.4277595602982838
4802	2612	4.475748495119804
4802	2615	3.3945230802342268
4802	2616	3.1365381194057087
4802	2662	4.260814412978153
4802	2668	3.0550316183635027
4802	2681	3.8063857477721856
4802	2764	4.020768137331685
4802	2857	4.176621304270295
4802	2912	4.146539192130523
4802	2941	4.036097257144744
4802	2956	3.479202825044554
4802	2969	4.173774415741447
4802	2993	4.020600383056166
4802	3019	4.263011657052894
4802	3024	2.822452114800421
4802	3147	4.451311145691605
4802	3169	3.940779205859428
4802	3189	4.016031417861504
4802	3201	4.379473783917852
4802	3364	4.477089576454218
4802	3471	4.553016626290086
4802	3529	3.912765973669359
4802	3546	4.095351623207298
4802	3605	3.5399872149537805
4802	3618	3.803756598559379
4802	3638	3.5857364015017827
4802	3826	2.9712127688501715
4802	3867	3.655087582985188
4802	3871	4.17365416188938
4802	3882	3.683152041103308
4802	3906	3.681948421171548
4802	3923	3.0238226123567813
4802	3926	3.7197852407161824
4802	3932	4.168374699169489
4805	2076	3.8103588538935806
4823	94	3.38021532940794
4823	858	4.31394227160383
4823	1179	3.486429302277323
4823	1190	3.2185418264047176
4823	1221	4.141248095251233
4823	1902	2.5475563054700894
4823	2908	3.7015721869924727
4823	2924	3.526207122485984
4823	3551	3.5392367608292545
4823	3598	2.979716182528423
4823	3783	3.717517666636312
4823	3903	3.1367126754151538
4829	924	4.303745716247991
4829	968	3.837884236373776
4829	1129	3.661959156259064
4829	1374	4.143890662635353
4829	2011	3.58641022623071
4829	2117	3.890436611959745
4829	2528	3.6092913849765664
4829	2529	3.937206396236845
4829	3699	3.6012691082909423
4829	3897	4.461055081008563
4831	111	3.943140635628912
4831	1224	4.019179763182179
4831	2300	3.892492706315161
4831	2329	4.036574824205877
4831	2359	3.596463260734584
4831	3324	2.5186491049448505
4831	3342	3.664585700265811
4831	3350	3.649603965877117
4831	3911	3.938171317408936
4834	50	4.436053780608157
4834	628	3.636083624800086
4834	951	4.14647838421794
4834	1387	4.028370889401876
4834	1388	2.539560241595074
4834	1721	3.4084206294921966
4834	1754	3.1742614156190525
4834	1799	3.2611874819180477
4834	2706	3.686929648682529
4834	3429	4.1608626446922985
4834	3719	2.825807749230727
4834	3825	2.7225171202978142
4834	3903	3.350101555964687
4834	3910	3.697738298301084
4834	3949	4.083156430035217
4842	3150	3.4779303896200493
4842	3949	4.031831434742475
4861	58	4.266856113606494
4861	3359	4.304703890373299
4861	3756	3.818624752799685
4861	3822	4.086471280184426
4867	1235	4.147355370307293
4867	1449	4.168960518246534
4867	1862	2.161790564284792
4867	1920	2.7411459067303525
4867	1923	3.940601560725718
4867	1997	3.980116595987497
4867	2060	3.200604565778224
4867	2075	3.6450299239300334
4867	2273	3.543565615671418
4867	2398	4.038681035613738
4867	2502	3.8250302534493192
4867	2568	2.1666648821505228
4867	2706	3.6684427705147225
4867	3016	3.159624093756788
4867	3067	3.932956959151696
4867	3114	4.244849368588588
4867	3273	2.742559646147757
4867	3326	2.7974692574528035
4867	3481	3.904830628043899
4867	3499	3.892308527515559
4867	3507	4.109484048663255
4867	3556	3.5457908848736968
4867	3618	3.418205817859809
4867	3745	3.517475439829484
4867	3752	3.082554496436287
4867	3893	3.538375554571644
4867	3897	4.283484756966232
4867	3911	4.165587526271663
4933	426	3.043952750910353
4933	970	3.4294055297788977
4933	1284	4.321204543223762
4933	2009	3.552591065573405
4933	3507	4.1273545424438005
4934	232	3.837156111791273
4934	647	3.243344334988595
4934	1073	3.503518631452073
4934	1247	3.987797131093748
4934	1408	3.4667833700468136
4934	1537	3.851983109720776
4934	1569	3.173108911880812
4934	1641	3.629195539166429
4934	2081	3.566572936674036
4934	2431	2.865825319838536
4934	2470	3.160884260029835
4934	3044	3.559951275144304
4934	3097	3.752787627747761
4934	3186	3.259102497719416
4950	1222	3.695452445317258
4950	2712	2.8157971728416284
4951	216	3.2855413533285827
4951	3911	4.27316858290848
4983	13	3.0907600347075257
4983	262	3.81628511475607
4983	421	3.2160037656971485
4983	455	2.6390206905049087
4983	531	3.8070651592007545
4983	588	3.8026803790333696
4983	594	3.782804535654545
4983	596	3.741057581997845
4983	616	3.2323336203873727
4983	888	2.562558246681721
4983	1010	3.2220974463589007
4983	1012	3.6673533385889714
4983	1016	3.199658556031701
4983	1017	3.6113606749998377
4983	1028	3.8105239271438913
4983	1030	2.997421744991979
4983	1031	3.400732804327663
4983	1032	3.680598180325864
4983	1033	3.3715743564012133
4983	1282	3.8850866313404335
4983	1367	2.9338053340354686
4983	1654	3.0318598208216065
4983	1806	2.881492087080424
4983	2015	3.52072401443448
4983	2017	2.978887683541689
4983	2018	3.752375442068409
4983	2043	3.293301104324923
4983	2054	2.935451405087717
4983	2057	3.3068918039520843
4983	2080	3.771158343068999
4983	2085	3.5302866400567545
4983	2087	3.6124704524255806
4983	2089	3.116398897672503
4983	2090	3.3035687136207565
4983	2096	3.652804850950397
4983	2097	3.3527755297769164
4983	2137	3.778258353639033
4983	2384	3.3611516044538763
4983	2400	2.955413066956941
4983	2709	3.121967681033699
4983	2876	2.6046425189210463
4983	3034	3.6340236024360792
4983	3157	3.119353496500483
4983	3400	2.873358053478956
4983	3483	3.058668153935707
4983	3672	3.0562974109702896
4983	3751	3.87892278452324
5011	2834	3.591904543484999
5011	3594	3.740270407251007
5034	1	4.448460655644252
5034	908	4.6616605981478285
5034	912	4.711439996552702
5034	1234	4.612537394932427
5034	1307	4.328708523778457
5053	3616	3.0079783278579324
5053	3745	3.9394885343876993
5054	1162	3.741113508013516
5054	2285	3.821318259678616
5054	2346	3.2746888061605004
5054	2431	3.161881508795024
5054	2730	3.528408931699396
5054	3654	3.925686557364045
5096	1921	4.0858555933721386
5100	2433	3.2300560703001
5100	3578	3.920226961205218
5100	3852	3.5969846039046014
5100	3948	3.5033637000444213
5100	3952	3.63879457977723
5118	2268	3.4778292262615444
5172	47	3.6251428657530296
5172	50	4.018251606427691
5172	111	3.922746826640262
5172	150	3.735175040051408
5172	281	3.3613937275443733
5172	300	3.463302405100978
5172	306	3.916806004954254
5172	364	3.50876503145226
5172	373	3.5429113372908496
5172	457	3.798669293731548
5172	477	3.2164190081640585
5172	515	3.7243118339985424
5172	529	3.818272310415864
5172	541	3.8955879936635274
5172	589	3.821360342742568
5172	608	3.8567268062323463
5172	621	3.4577024535618914
5172	678	3.8904335803946863
5172	750	4.379173899699847
5172	858	4.030820936617258
5172	899	3.9960263936492697
5172	900	3.400459111087595
5172	903	4.091006515759114
5172	904	4.184696175631654
5172	908	4.134072081488025
5172	910	4.030015418186055
5172	912	4.202047448221552
5172	913	4.145201329907704
5172	914	3.770033793927296
5172	919	3.9293774730588873
5172	920	3.890713665105831
5172	923	4.182291562515834
5172	930	4.063900765500807
5172	933	3.83179921415968
5172	940	3.577406632966673
5172	945	3.8169013763038
5172	950	3.9636482463326894
5172	953	4.06681023206724
5172	954	3.992859706292333
5172	1077	3.56180758704228
5172	1079	3.678562679251292
5172	1081	3.325905039464431
5172	1089	3.8345059479988177
5172	1090	3.5903415390210465
5172	1095	3.691253469984308
5172	1097	3.458180970667427
5172	1124	3.49412265113439
5172	1132	3.882762477366892
5172	1162	3.509126407072402
5172	1185	3.6214139299220056
5172	1187	3.519877906485907
5172	1193	3.923771626984647
5172	1206	3.95298771864796
5172	1208	3.9535165500351934
5172	1211	3.8800616820913993
5172	1221	3.992911805133717
5172	1225	3.8644060481883495
5172	1226	3.78612698370926
5172	1234	4.053878698043976
5172	1238	3.685714584484488
5172	1240	4.071389731871341
5172	1242	3.834119944482512
5172	1244	3.844612641502621
5172	1247	3.9224316313091263
5172	1254	3.999859258138079
5172	1264	3.710872085948804
5172	1266	3.7400526875583777
5172	1270	3.79588115390924
5172	1282	3.54372438144492
5172	1283	3.8206946411344074
5172	1284	4.04502575672249
5172	1285	3.469724210398192
5172	1292	3.597053212255561
5172	1296	3.7534689516356505
5172	1307	3.642054057100631
5172	1394	3.778570818815127
5172	1407	3.228656102686979
5172	1584	3.326985474595257
5172	1617	3.918079778719376
5172	1633	3.45525079022783
5172	1639	3.402788572783364
5172	1653	3.3850161759924826
5172	1673	3.5025794634568364
5172	1729	3.4512635857010445
5172	1834	3.7133876082965127
5172	1947	3.623419669456623
5172	1950	3.830868950791813
5172	1955	3.587812713009828
5172	1956	3.765894546816928
5172	1958	3.261054191933386
5172	1960	3.684736937444641
5172	1961	3.670050590303718
5172	1964	3.534419788380957
5172	1966	3.452751726234839
5172	2065	3.40116282976744
5172	2067	3.7012670876055593
5172	2069	3.495379443836488
5172	2078	3.422743167134813
5172	2085	3.3221961102968707
5172	2130	3.5591474033090216
5172	2174	3.370078494415352
5172	2238	3.5448968357622475
5172	2239	3.510407978874934
5172	2248	3.777852124600123
5172	2268	3.4655947460003147
5172	2289	3.711308920064391
5172	2294	3.129134359597632
5172	2300	3.8879525430845887
5172	2302	3.572414667451109
5172	2303	3.6749796199281257
5172	2321	3.59999014475596
5172	2333	3.513149839039671
5172	2345	3.2017016401557714
5172	2565	3.634509602225744
5172	2677	3.7235368187457096
5172	2692	3.948897480972146
5172	2716	3.5954301466442784
5172	2730	3.270705568421621
5172	2739	3.6048600125528143
5172	2761	3.782257172204083
5172	2788	3.78071201096024
5172	2791	3.552594827395514
5172	2857	3.4722345983934466
5172	2863	3.6633673062264314
5172	2866	3.4471960547426765
5172	2890	3.243869429616861
5172	2912	3.59753659680039
5172	2918	3.8656292903434495
5172	2929	3.169168477168044
5172	2973	3.855233897755829
5172	2985	3.4590776079974725
5172	3061	3.544420868752528
5172	3067	3.647324364557872
5172	3072	3.660435313282965
5172	3090	3.769682263842044
5172	3201	3.6962991746215454
5172	3210	3.443993642752074
5172	3334	3.804608059210245
5172	3341	3.7461146004980352
5172	3359	3.879822173763016
5172	3360	3.691322534202286
5172	3363	3.795968574484789
5172	3408	3.46831935866204
5172	3418	3.4218345556599195
5172	3424	3.755723378894937
5172	3467	3.689597275460471
5172	3526	3.55326957173599
5172	3543	3.593717165537775
5172	3548	3.5727922955211024
5172	3552	3.383013870554732
5172	3606	3.6055504153075018
5172	3613	3.487578340195067
5172	3684	3.055317125205262
5172	3685	3.292430486553448
5172	3711	3.094405706890849
5172	3728	3.6528179106275314
5172	3730	3.962147372056109
5172	3735	3.717955474784763
5172	3788	3.4650293475193825
5172	3813	3.148479194889417
5172	3897	3.918457563426384
5172	3911	3.905051852959373
5172	3916	3.6095830726352616
5173	231	3.0135109450289304
5250	144	2.9940797709616063
5250	1259	3.69307253300946
5250	1676	2.9111030134011213
5250	1895	2.830598008234333
5250	3882	2.9334835070585794
5276	1343	3.3243952275122743
5276	3446	3.005791037019489
5281	3512	3.8616021856431466
5302	274	3.1394483046982185
5302	656	3.34199186436788
5302	2141	3.914073361332004
5302	3537	3.772053917660953
5312	5	3.3305806479270377
5312	19	2.69098068793562
5312	110	4.429677157014726
5312	111	4.380840172223503
5312	141	3.812007008387909
5312	205	3.8427580042573375
5312	231	3.429520421818563
5312	333	3.800561737219093
5312	344	3.442456093497594
5312	371	3.4122407581153427
5312	500	3.66585778844092
5312	569	3.2328802414225057
5312	585	3.221722351731535
5312	784	2.946111337197373
5312	818	2.810688399433309
5312	1042	3.7647870759778463
5312	1425	3.634472609733333
5312	1485	3.722684285805549
5312	1614	3.620321831233805
5312	1687	3.357762293304321
5312	1747	3.693113226079279
5312	1839	2.5123906264810687
5312	1883	3.6960110582346943
5312	1920	2.9589528647241288
5312	1984	2.586522973070782
5312	2040	3.281251865326161
5312	2080	4.023462974585383
5312	2108	3.981421750804282
5312	2109	4.021027456104391
5312	2137	4.0581067084195634
5312	2149	2.673744505762366
5312	2289	4.195406858400027
5312	2302	4.024743902135699
5312	2356	3.276797513623257
5312	2523	2.634014310100236
5312	2539	3.658787655947631
5312	2599	4.162991511415317
5312	2746	3.5760565760286847
5312	2795	4.105655299208722
5312	2861	3.324895627108612
5312	2996	3.5389627644089017
5312	3040	3.525202469692553
5312	3045	3.4062023525491973
5312	3068	4.064159035675625
5312	3082	3.6347400063125934
5312	3253	3.8831292419350034
5312	3254	3.1002432064413075
5312	3258	2.982113225399696
5312	3287	3.0030664289671782
5312	3409	3.530861337863953
5312	3500	2.9492528519379744
5312	3536	3.917041897057588
5312	3729	3.7483138644191136
5312	3804	3.07091922027027
5312	3809	3.681908149558364
5312	3861	3.3985876502963346
5312	3863	3.4612120320608284
5312	3868	3.936005136664922
5312	3869	3.35438882467738
5312	3897	4.473815931006422
5317	594	4.209985400175688
5317	803	3.951975837216133
5317	899	4.675955237057443
5317	908	4.569386873306683
5317	914	4.618775243601922
5317	933	4.475408705208158
5317	1022	4.181832499366021
5317	1104	4.443563229550741
5317	1199	4.200773159888407
5317	1240	4.442941096511196
5317	1249	4.284210289299658
5317	1258	4.375008313196073
5317	1266	4.2911501370729885
5317	1270	4.193983980565165
5317	1271	4.2425254958904
5317	1282	3.913138404233797
5317	1291	4.433620796732148
5317	1387	4.335148071063338
5317	1464	3.7047943805768218
5317	1644	2.9556771526371466
5317	1951	4.006869933105824
5317	1952	4.4192297855430285
5317	2076	3.924272677745734
5317	2160	4.444492987628686
5317	2398	4.444120003881068
5317	2596	3.8358060154823086
5317	2774	3.763239179342518
5317	2883	3.9744781183233338
5317	2915	3.889897350059769
5317	3024	2.8473569743197062
5317	3083	4.456283937537732
5317	3210	4.146994995661
5317	3282	4.06799987350799
5317	3499	4.410860713237628
5317	3543	4.337061082003772
5317	3554	3.800267102222983
5317	3897	4.511629402166677
5317	3911	4.32337452994313
5317	3949	4.632585612041427
5329	1090	4.206362990166817
5329	3355	3.0993762834798875
5329	3618	3.56725814022943
5329	3794	3.5370895584488924
5329	3911	4.310557402994795
5333	58	3.971992006968172
5333	216	3.0493465969093854
5333	306	4.071188542508347
5333	307	3.902982003905931
5333	308	3.829647315439337
5333	498	2.8075098519300044
5333	908	4.229192931845864
5333	951	4.172043098458134
5333	969	4.12999994879798
5333	1280	4.145563868318661
5333	2203	4.061465522382236
5333	2329	4.181864422655317
5333	2617	3.293074220110129
5333	2692	4.184964920146724
5333	2726	4.0734078548849695
5333	2840	2.794761245746319
5333	2976	2.923321480310796
5333	3083	3.983566862651959
5333	3196	4.194244041456059
5333	3244	3.624813799020672
5333	3365	3.883386583826991
5333	3421	3.906312160075174
5333	3911	4.083152688067386
5333	3949	4.210168046833195
5367	489	2.8824877026546365
5387	12	2.3753801203034115
5387	879	2.790648496104785
5387	1327	2.739502078696933
5387	1690	2.771338663699061
5387	1970	2.4418869961376664
5387	1984	2.2160036146358464
5387	1991	2.741837685172581
5387	1998	1.833225576374696
5387	1999	2.614356751440596
5387	2367	2.6557599372150986
5387	2648	3.9198648935641103
5387	3785	2.845394658389369
5387	3840	2.6021740528451804
5387	3917	2.9507207378319533
5394	25	3.4859596311205565
5394	82	3.72148411135424
5394	123	3.809899859857857
5394	156	3.293111627893491
5394	165	3.604221639664801
5394	260	4.06679273756749
5394	353	3.234236713362612
5394	480	3.526755168032578
5394	539	3.603290099961357
5394	555	3.825946842850755
5394	898	4.060483017766711
5394	904	4.234543855794396
5394	928	3.9967468423936015
5394	965	3.8606985342680336
5394	1028	3.669448231222967
5394	1036	3.942413952066679
5394	1101	3.280837493124738
5394	1200	4.039711836747718
5394	1206	3.6777003009318014
5394	1210	4.147875220936161
5394	1214	4.070081432652833
5394	1219	4.11828179668931
5394	1224	4.1068465149504085
5394	1244	3.861590207941928
5394	1262	4.160733563079224
5394	1269	4.0060528677151135
5394	1370	3.4830334817304767
5394	1387	3.9716077333302735
5394	1408	3.679283888920657
5394	1865	3.330726266361713
5394	2000	3.640823384259421
5394	2150	3.484450174451167
5394	2161	3.4132031208199
5394	2330	4.084287930474403
5394	2435	2.757546183710246
5394	2616	2.527813137831626
5394	2759	3.2357944931083416
5394	2883	3.4719828339559062
5394	3118	3.5689820564574752
5394	3182	3.857142815727866
5394	3263	2.966803532248687
5394	3317	3.808207610199125
5394	3422	3.254594051429532
5394	3504	3.938846912393147
5394	3535	3.078629413226346
5394	3785	2.826673493608937
5394	3831	3.5862577447654407
5394	3893	3.421240983429855
5394	3897	4.219400043265755
5394	3913	2.6219533526828056
5394	3949	4.12896272835399
5412	150	4.154916854080193
5412	272	3.760386765147121
5412	1188	4.033318555678268
5412	1249	4.066357428521533
5412	1266	4.186482944281967
5412	1517	3.882498189676008
5412	1954	4.128965165423098
5412	1961	4.156734606183875
5412	2565	4.049463902646995
5412	2686	4.062932722644816
5412	2712	3.3688389678078057
5412	2915	3.6998255751234863
5412	3007	4.19618375632737
5412	3052	3.879738373900462
5412	3159	3.8808035176812568
5413	2769	3.6918671144556
5413	3949	4.678599398763594
5424	1	4.062990717311836
5424	260	4.348742417053847
5424	500	3.3819475141825586
5424	955	4.084839203029696
5424	1136	4.245187855485301
5424	1198	4.371758631340844
5424	1220	3.8307201847521246
5424	1234	4.238444460897069
5424	1235	4.026181655385066
5424	1265	3.8660466415033192
5424	1269	4.11154529136559
5424	1270	3.87046613037458
5424	1278	4.232999993989512
5424	1304	4.1158198202828284
5424	1394	3.91292065744134
5424	2542	3.71400486059095
5424	2791	3.8322888862668014
5424	2797	3.672208163963088
5424	2918	4.000595049213236
5424	3088	4.056182600273072
5424	3363	3.8894889413055385
5424	3396	3.788424258577604
5424	3421	3.9513589553732658
5424	3671	3.928189327473993
5424	3897	4.20303312784791
5424	3911	4.05852030982702
5424	3948	3.664759879784024
5448	608	3.5950974856372686
5448	2908	3.408528098906973
5448	3129	3.105703726174177
5448	3897	3.631990334099883
5450	2021	2.821204420455722
5450	2117	3.188841405857109
5458	1244	3.877641528566866
5458	2301	3.390787009414958
5458	3035	3.977215037962512
5493	289	3.588374870652628
5520	1650	3.2134236274419603
5520	1711	3.0639511231528083
5520	2231	3.577356620124837
5520	2961	2.6399291700453125
5520	3505	3.805116946436769
5539	129	3.2681505745624886
5539	934	3.4982130963268814
5539	970	3.245613117310807
5539	1265	3.821270352116012
5539	1292	3.822023059605397
5539	1963	3.836541531189303
5539	2779	3.461398699366232
5539	3210	3.5961197084506478
5539	3244	3.5002536779490474
5539	3422	3.2483275743903204
5543	370	3.1268028696797106
5543	2115	3.9474220730987
5543	3868	3.966623929650592
5543	3869	3.372497808808048
5580	7	3.858655305968692
5580	65	2.6537606710448114
5580	104	3.942587749813416
5580	122	3.142247880751988
5580	344	3.672630947972994
5580	349	4.1799103982328365
5580	361	3.9091913637254634
5580	419	2.687863464174008
5580	473	2.705676856164615
5580	516	3.3201147899887515
5580	542	3.2113724992363317
5580	1013	4.060814306471474
5580	1080	4.492570513071968
5580	1101	4.123579284301269
5580	1173	3.8513480752876
5580	1263	4.521114836487199
5580	1270	4.504913098592398
5580	1307	4.518422552308652
5580	1395	3.7413582142163726
5580	1396	4.153914505282502
5580	1439	2.970993552306398
5580	1487	3.4359795436771567
5580	1517	4.216791879532815
5580	1593	3.2617517418222173
5580	1646	3.410767245076374
5580	1747	3.909892015768465
5580	1792	3.511514314111187
5580	1836	3.7717118602087663
5580	1947	4.463782318336916
5580	1955	4.325336963987974
5580	1958	4.101686269373402
5580	1962	4.300686775054354
5580	2012	3.774420314504047
5580	2059	3.810471012020889
5580	2094	3.63838765277285
5580	2114	4.0556644513340405
5580	2144	4.151705982512095
5580	2146	3.6307737677202954
5580	2150	4.116340411732609
5580	2190	3.445405457826775
5580	2237	3.915312124397952
5580	2245	3.9188837575206175
5580	2296	2.930461772557624
5580	2352	4.2476625451513925
5580	2361	3.68896515845048
5580	2374	3.4490191535371446
5580	2379	3.024591970209013
5580	2405	3.5716013793171286
5580	2409	3.675807694452267
5580	2410	3.427148058618586
5580	2420	3.965254342562886
5580	2423	4.070687042757656
5580	2424	3.881503095589188
5580	2471	3.140841603543494
5580	2478	3.584947529593088
5580	2491	3.1408073641380128
5580	2541	3.6320627101422382
5580	2581	3.661271725182976
5580	2598	3.5150257262881746
5580	2688	3.456642398451585
5580	2791	4.49936828949456
5580	2795	4.33883971331342
5580	2806	2.9408260107907864
5580	2829	3.452543563444924
5580	2866	4.179853721968805
5580	2926	3.7834466157323807
5580	2929	3.888267336928509
5580	2971	4.2265023805520014
5580	3035	4.577880079030184
5580	3063	3.278364439713006
5580	3064	3.0775834726416496
5580	3071	4.221045420663391
5580	3101	4.156522068121128
5580	3104	4.31848851554961
5580	3120	3.535929847544174
5580	3199	3.824457236832745
5580	3210	4.266957378426716
5580	3247	3.6311609393794906
5580	3248	3.1188637658535896
5580	3253	4.121688820851034
5580	3254	3.3275616720247245
5580	3308	3.806935246033258
5580	3392	2.5579176658752787
5580	3469	4.716313587698572
5580	3478	3.7867605414547656
5580	3551	4.303474739910272
5580	3688	3.203285999187954
5580	3733	4.2745692669521205
5580	3791	3.5244181764199243
5580	3825	3.242392811438966
5580	3893	3.976133050763276
5580	3948	4.122200224407903
5602	3624	3.808312152613523
5602	3751	4.068140479725242
5605	357	3.3732665871230765
5605	1753	2.881249583094134
5605	2186	3.921786180850792
5605	2772	2.739532232089544
5605	3830	3.029827531905021
5620	3510	3.62174370595936
5621	508	3.148325958768528
5621	3915	2.730070045285072
5636	718	2.8712440029765167
5636	1244	3.6021296819802293
5636	2941	3.1920676581633174
5636	3266	3.0587423839334607
5636	3836	3.4799914601579625
5654	373	3.5713593862861304
5654	733	3.478533811041617
5654	799	3.1272027956896733
5654	908	4.112741711780704
5654	924	3.8076745815187714
5654	1073	3.582353529676567
5654	1097	3.714324366168273
5654	1126	2.148317331222885
5654	1215	3.5088684455145924
5654	1261	3.550923982061386
5654	1274	3.7065203440841055
5654	1278	4.029422842847011
5654	1356	3.441131683508053
5654	1387	3.8619848131300314
5654	1407	3.3401327092184547
5654	1625	3.618856028921333
5654	1732	3.4724183838432303
5654	1748	3.604108218932261
5654	1845	3.527292915264792
5654	1921	3.500075296410802
5654	1994	3.4188000483931016
5654	3081	3.2385255979091228
5654	3175	3.54628809759257
5654	3300	2.9720168364281885
5654	3535	2.9343225182425963
5654	3576	3.4699091175566585
5654	3702	3.39918853787691
5654	3703	3.432224190188084
5654	3893	3.2462593052364683
5654	3917	2.849038139909716
5689	1866	3.036540113916008
5689	2579	3.359020118315413
5689	3911	4.029795200189167
5733	367	3.369667025167708
5733	1295	3.8490696789069943
5733	2797	3.955802397237069
5734	272	3.623829564438696
5734	647	3.417934022881381
5734	1948	3.947775587512315
5734	3052	3.7462766118157127
5734	3253	3.5756876761186627
5737	1893	3.374946078091874
5737	3148	3.688407753981456
5737	3948	3.301941967922005
5787	10	3.712000474709352
5787	41	4.085961447539971
5787	107	3.192608940389876
5787	110	4.31103628957352
5787	112	3.59655434681436
5787	153	2.864236256627926
5787	208	2.861527343260408
5787	253	3.741635920591216
5787	266	3.4942877497054075
5787	303	3.146138327764962
5787	316	3.5851948236213724
5787	327	2.66297159236191
5787	329	3.513936021490278
5787	346	3.693744106303752
5787	364	3.9850733454231833
5787	367	3.4532243221223617
5787	368	3.639210337238882
5787	380	3.772272485753653
5787	383	3.394265049991975
5787	407	3.0352600595435666
5787	416	2.7944090481054085
5787	455	2.867720865197361
5787	458	3.447522581274182
5787	527	4.632279829392286
5787	551	3.8597773473139023
5787	552	3.3985432998320277
5787	558	2.888871243561535
5787	588	3.916849252352887
5787	590	4.082189645287039
5787	592	3.8000962976894015
5787	594	3.968203918502674
5787	595	4.069135527099347
5787	599	4.178413229965503
5787	648	3.5531995179188094
5787	674	3.0964472566163934
5787	714	3.869626276206637
5787	733	3.890414281053631
5787	761	2.9401629269960465
5787	788	3.1690176573075304
5787	824	4.210728471414485
5787	900	3.912118141202288
5787	910	4.419618576498178
5787	914	4.334278136497026
5787	918	3.923706882106964
5787	919	4.403916068884545
5787	920	4.212151172429315
5787	938	3.8480486851688753
5787	945	4.317159665253782
5787	946	4.059988527987117
5787	1007	3.1942962132474912
5787	1009	3.3948499927209905
5787	1022	3.932330674933077
5787	1024	3.421974063262991
5787	1028	4.045422128067106
5787	1029	3.797254359380037
5787	1030	3.216254112741433
5787	1031	3.610235716163424
5787	1032	3.8382946690693696
5787	1035	4.058182922732033
5787	1049	3.492291650237488
5787	1057	3.726333909626097
5787	1081	3.702295722552207
5787	1088	3.455160539909749
5787	1090	4.173300078119908
5787	1093	3.5346897978473577
5787	1094	3.920523245449525
5787	1179	3.936600538565068
5787	1183	3.743548646450344
5787	1201	4.26295138236988
5787	1208	4.353572797075737
5787	1209	4.078057261676047
5787	1215	3.934996405274053
5787	1219	4.443394689015369
5787	1220	4.019832056212455
5787	1222	4.222749897818479
5787	1224	4.397669351901462
5787	1248	4.328191036692765
5787	1250	4.560650429719379
5787	1258	4.18171337030589
5787	1261	3.9923671662573055
5787	1263	4.2245709862833225
5787	1266	4.224952993966737
5787	1272	4.433476341100758
5787	1275	3.9682282404657774
5787	1278	4.447190490929922
5787	1282	4.002670508417477
5787	1288	4.381458461268322
5787	1294	4.325921977507144
5787	1298	3.7951931354414175
5787	1299	4.428488300963087
5787	1321	3.897596970345293
5787	1333	4.052650762348416
5787	1339	3.498222055922364
5787	1340	4.194471024810085
5787	1347	3.5571584386504256
5787	1348	4.283862307604355
5787	1371	3.2239885132631256
5787	1373	2.8243809589145035
5787	1377	3.1661680867961555
5787	1378	3.525315546480801
5787	1380	3.6667295710698657
5787	1381	2.261386916266703
5787	1387	4.290212743358493
5787	1407	3.7699486611679527
5787	1552	3.4046350839429538
5787	1562	2.346153610418217
5787	1566	3.442475799356755
5787	1587	3.5998630074553644
5787	1591	2.744626937843383
5787	1605	2.867959263682055
5787	1688	3.639461238013421
5787	1760	1.936304937506767
5787	1797	4.216194073956372
5787	1917	3.3318179604662803
5787	1944	4.222672339667849
5787	1947	4.198185281073246
5787	1951	3.8049139231212936
5787	1960	4.1128095406839
5787	1982	3.917299185888995
5787	1994	3.839898333788838
5787	1997	4.111849850500515
5787	2005	3.633443570162253
5787	2006	3.709552460347792
5787	2012	3.4625618758530714
5787	2028	4.448776513534408
5787	2037	3.694461521271176
5787	2051	2.806631694768125
5787	2067	4.1949127928345415
5787	2078	3.938271006356364
5787	2080	3.9505457516657065
5787	2081	3.8822539510869545
5787	2083	3.853108195041089
5787	2088	2.767229497094432
5787	2094	3.3283944072570733
5787	2096	3.841352999149185
5787	2099	3.688955071137909
5787	2100	3.619772868250609
5787	2115	3.800782432662297
5787	2118	3.896175175447329
5787	2133	3.431497056231696
5787	2135	3.3807112488752047
5787	2143	3.4777737786628555
5787	2159	3.763191752932445
5787	2161	3.720903023098745
5787	2167	3.6829528105176177
5787	2186	4.385652135940116
5787	2203	4.310867411783665
5787	2288	3.9133170678086033
5787	2300	4.298618465455449
5787	2394	3.710895657490543
5787	2405	3.265727486242457
5787	2406	3.853117035212255
5787	2414	3.5142366246593517
5787	2429	2.98956204547598
5787	2454	3.549271519835429
5787	2471	2.853054120864449
5787	2565	4.100919750747865
5787	2615	3.153084909046799
5787	2617	3.4826775546587005
5787	2622	3.5189943420712053
5787	2633	3.692563689032744
5787	2642	2.4854510036230923
5787	2644	4.057195342186279
5787	2648	4.212206196932199
5787	2654	3.994557013357143
5787	2664	4.180303700293543
5787	2716	4.079703018353516
5787	2735	3.113975309696015
5787	2746	3.4952192569314464
5787	2857	3.892218087295851
5787	2858	4.380245846237452
5787	2863	4.122283634662565
5787	2877	3.11153963491011
5787	2941	3.802674631767243
5787	2944	4.1332977837288665
5787	2946	3.8882589811386974
5787	2950	2.547316566905286
5787	2951	4.160601260131648
5787	2971	3.9248013013898255
5787	3018	3.786734471112641
5787	3036	3.344235878987246
5787	3061	3.992932923710469
5787	3081	3.64860780717428
5787	3097	4.1822237254182175
5787	3104	3.994222973118256
5787	3142	3.622666806392342
5787	3196	4.389607079122741
5787	3199	3.518386532057314
5787	3342	4.006357327319574
5787	3461	3.719738376203004
5787	3476	3.701702457650595
5787	3545	3.943960458397179
5787	3549	3.991141915414968
5787	3604	3.838466628278626
5787	3612	3.7112167926403554
5787	3671	4.174555976003247
5787	3672	3.2658914983935725
5787	3674	3.010743668666947
5787	3675	4.075633482518307
5787	3706	3.54342551492195
5787	3725	3.243471208642854
5787	3727	3.775699981049994
5787	3755	3.4752005776531454
5787	3770	3.545354978533718
5787	3807	3.595182750820872
5787	3834	2.88795725322535
5787	3873	3.7955815722478063
5787	3920	3.869385790863479
5787	3927	3.729489046778494
5812	96	3.5880688459719257
5812	550	2.7386408368340147
5831	3740	3.37113737106691
5831	3827	3.30948517078175
5841	361	3.7666358395853297
5841	2395	4.180664688642594
5872	358	2.845628438586545
5872	647	3.261646932594354
5872	858	4.23646539262792
5872	924	3.868516739377679
5872	1036	3.8790326669654966
5872	1042	3.290489815987245
5872	1058	3.297841046426606
5872	1221	4.102033718256482
5872	1222	3.866165045583916
5872	1388	2.429210261286864
5872	2268	3.7297635542011727
5872	2421	2.528202782790102
5872	2431	2.9789933912490905
5872	2671	3.458040501775642
5872	3052	3.550631770715458
5872	3253	3.4436709449334786
5872	3310	3.441423313450766
5872	3527	3.422796020970881
5872	3646	2.245259105118161
5872	3911	3.9117694734659194
5875	47	4.463307709245422
5875	356	4.554167987244152
5875	586	3.601934267799024
5875	2021	3.6890759040401218
5875	2376	3.645911507185444
5875	2953	2.9394589545027063
5875	3082	3.799174181325524
5875	3438	3.1755067592253283
5875	3510	4.159428484943638
5880	2410	2.2441712719810627
5880	2411	2.036788844641314
5880	3827	2.6174942247208715
5880	3901	1.736013052669647
5880	3911	3.4076242473320817
5948	722	4.12412961786324
5948	898	4.724052968060922
5948	920	4.527181911465163
5948	929	4.177019883834002
5948	978	4.284057740837062
5948	1204	4.866194214564919
5948	1235	4.616226521853837
5948	1250	4.880831713233794
5948	1254	4.754265023896327
5948	1394	4.539169428331567
5948	1944	4.556334203353657
5948	1952	4.587235621731489
5948	2019	5.055301154782248
5948	2648	4.535023016632737
5948	3019	4.358955772017644
5948	3163	4.243234470009051
5948	3408	4.320095938292347
5948	3501	3.926154552153195
5948	3509	3.3727309978141924
5948	3654	4.431511457065909
5948	3811	4.591566031636165
5948	3855	4.025361406242659
5949	3785	2.7165754834670603
5956	113	2.828158907785031
5956	2266	2.628148128436962
5956	2609	3.70847443472465
5956	2628	3.132071383168572
5956	3791	2.8106786477301697
5956	3910	3.627024583707268
5972	157	2.635297923099575
5972	165	3.4362270219844717
5972	1086	3.913634369496788
5972	1370	3.4574750505475644
5972	1388	2.5084493874718308
5972	2268	3.799859340672958
5972	2617	3.17789035464482
5972	3852	3.561112751739484
5996	3798	3.44804238647367
5996	3861	3.2756824664015025
6002	144	3.5702496880135426
6002	1945	4.504990343754055
6040	161	3.8938077171853656
6040	232	4.273508601262991
6040	457	4.2416988889441525
6040	953	4.460809397640586
6040	1211	4.325144066068681
6040	1212	4.601437561836163
6040	1221	4.539951126424655
6040	1258	4.230953796588001
6040	1270	4.2225950185074455
6040	1333	4.052031628900306
6040	1673	3.908416844418888
6040	1784	4.118948161206624
6040	1921	3.943871184351786
6040	1947	4.193987021433312
6040	2068	4.033194704827571
6040	2571	4.478005619730852
6040	2575	4.182405532918157
6040	2725	3.902816972381306
6040	2917	4.174680147686999
6040	3362	4.131242972962927
6040	3421	4.1750643916636365
6040	3671	4.180066715014473
