user	item	prediction
36	198	4.912968465374246
36	553	3.899467054957354
36	556	3.4209152921853923
36	581	3.68070802422534
36	1147	3.800416224782012
36	1191	2.8097962601597484
36	1201	4.776102086552232
36	1283	4.652969360503085
36	1291	4.353191542844707
36	1387	4.377824874484933
36	1912	3.8904882721897054
36	2115	3.8779889313846105
36	2167	3.545164516216885
36	2527	4.204015727101809
36	2662	3.972012457599568
36	2774	3.490179632257812
36	2951	4.4679630729771205
36	2985	3.934955393471441
36	3142	3.858651250311252
36	3359	4.830500394253706
36	3827	3.335576155387798
65	3147	4.380998932696698
134	3783	3.616964347960692
146	17	3.555672226364167
146	85	2.9727456595769075
146	224	2.999189168184029
146	232	4.6029703791671
146	339	3.7563123954790334
146	342	2.742938868897846
146	356	3.779257609037825
146	461	2.1143424861938795
146	468	3.1758332953774024
146	509	3.3431473708034285
146	539	2.8212229539946536
146	597	3.324170160301681
146	780	3.761081108248007
146	911	3.654147374596665
146	1059	2.628963820215613
146	1228	3.635595011983048
146	1597	3.3551653265087444
146	1639	4.163400701968836
146	1721	3.397832976834923
146	1722	3.977862084872677
146	1821	3.1815359718460474
146	1912	3.998361036265535
146	1959	3.281064982566934
146	1962	4.239223241269775
146	2006	3.164225032395919
146	2406	4.399845930757388
146	2424	3.218743238565162
146	2801	3.1300674439363663
146	3097	3.263267969848438
146	3512	2.778460828555819
146	3699	3.382960932610489
149	2248	4.353339228057013
150	1292	4.066056449422362
150	2313	4.204683332550305
169	66	1.0
169	413	2.1131665771687413
169	673	1.756415525355224
169	1275	3.374526683587563
169	1395	3.065689598085786
169	1924	2.372376011342585
169	2087	3.06049268947793
169	2240	3.1273820113028665
169	2502	3.1016455344658165
169	2952	3.080439019632516
169	3101	2.573851430617295
173	456	3.66774370181198
173	1265	3.8080520393216735
173	3359	4.708760480585002
183	11	3.895312013137272
183	50	4.932573155739185
183	150	4.6281237139521
183	344	4.0822191869776825
183	588	3.8325372418277257
183	647	3.8440100536926383
183	780	4.044730134309913
183	909	5.0
183	924	5.0
183	926	4.942461089173339
183	968	4.615289341455095
183	1208	4.7303224491069615
183	1214	5.0
183	1230	4.967411786746133
183	1265	4.604293109273309
183	1292	4.731159913239669
183	1367	4.287202764994613
183	1395	4.270975843767557
183	1459	3.521492642596532
183	1608	3.8521846898225487
183	1964	5.0
183	2085	4.202339173626393
183	2105	4.153089049642209
183	2133	3.838830703288543
183	2248	5.0
183	2439	3.4519805427902828
183	2463	3.582159900510144
183	2475	3.4714792977179165
183	2520	4.2894240480468895
183	2525	2.2734963149480643
183	2616	3.6074158070880102
183	2757	3.656488919251372
183	2791	5.0
183	2971	5.0
183	3083	5.0
183	3101	3.7560807299887786
183	3155	4.92220044270681
183	3359	4.625889877026836
183	3361	4.702794316746772
183	3363	4.551129812433355
183	3420	4.346420515271522
183	3421	4.775979903467623
183	3527	4.326882842374365
183	3706	4.711674634984255
183	3724	4.176457964510883
183	3801	4.0261423874404
192	1777	3.477786267029756
192	2572	2.8987644933454435
195	2	2.8419877067783483
195	407	4.24068770085612
195	519	1.95544628657298
195	628	4.163763734581536
195	668	5.0
195	669	4.406918590686231
195	670	4.731113533143503
195	720	5.0
195	745	4.315803420213005
195	750	4.574899839935132
195	780	3.4168538657076506
195	1058	2.559482505046816
195	1148	4.795605571692205
195	1169	4.514019761143545
195	1178	4.294601583142864
195	1212	4.792994359126291
195	1216	4.074318036698443
195	1217	4.24777343918188
195	1222	4.0173139397505935
195	1223	5.0
195	1300	3.968537930769576
195	1348	3.956603923678186
195	1419	4.6941984377675645
195	1464	3.011745025595709
195	1466	3.937345795877139
195	1586	3.68875262576518
195	1713	3.237907463683893
195	1827	3.219269112092628
195	1931	4.808507761028208
195	1999	2.866569650787949
195	2010	4.466948452313667
195	2369	3.3434757197122056
195	2514	1.5329443505739908
195	2579	4.006951501853527
195	2688	2.852083911766026
195	2706	3.833746091536193
195	2724	2.119807135922159
195	2819	3.7160231768691103
195	2890	4.222992484905785
195	2905	4.119801124366723
195	2966	4.609815829355723
195	2974	1.0043240163842826
195	3022	3.840071078058636
195	3030	3.7584477074049074
195	3114	4.229493544291724
195	3145	3.944976300581271
195	3150	3.629298370774727
195	3354	2.907145170346175
195	3456	4.476498242707454
195	3793	3.215641570106225
195	3886	3.351320063491119
235	25	3.44529910784304
235	190	3.360442830671697
235	300	3.7813708145082217
235	475	3.926479738518685
235	556	3.439039966106087
235	562	3.948384063541337
235	780	4.067943744269586
235	988	4.264160080134578
235	1041	3.5639587109668405
235	1086	4.194949568800967
235	1094	3.58589313181245
235	1120	3.5358794109282603
235	1236	3.6766146722904582
235	1265	4.048260874333285
235	1300	4.769662505256343
235	1354	3.978809537462383
235	1365	4.231340583491558
235	1633	3.515805631618097
235	1673	3.770579380980122
235	1719	3.509347651340436
235	1769	3.744940673993302
235	1834	3.0691078810734056
235	1944	3.491651115985713
235	1948	3.042379273559878
235	1952	4.345574081238424
235	1966	3.382445295879754
235	2087	3.866225620450132
235	2176	3.5623939448281656
235	2186	3.581553356932698
235	2336	3.967785543430587
235	2349	3.350169704507315
235	2395	4.1646390758595135
235	2442	4.496069616442708
235	2473	2.228500932418024
235	2573	3.0879801022104814
235	2700	3.944546886365969
235	2716	3.6255393727193295
235	3000	3.4842692777080533
235	3160	4.315743851174664
235	3245	3.8375412875198807
235	3359	4.487787841103719
235	3462	4.621067148210739
235	3679	4.722900289145757
239	337	3.898971683507476
239	3897	4.0816716979137935
271	47	3.8772555105879496
271	111	4.142965023390569
271	293	4.893237932318391
271	1036	3.737389645686359
271	1274	2.721307420572832
271	1953	3.506369650442537
271	2116	3.2611002252236907
271	2133	3.113647183707485
271	3793	3.4174430497859145
271	3911	4.0130369264201855
306	420	2.423916249118514
319	74	1.5729641214476215
319	175	3.789883854805369
319	413	2.542327262999228
319	2054	2.787687497311796
319	3066	3.029642980234053
319	3198	3.365423607778782
319	3788	4.660606742733161
329	953	3.621466077575597
329	2303	3.277666009426112
338	3169	3.2142356252887923
338	3703	3.759007967269323
343	196	2.691403886656803
343	242	4.20084918566069
343	289	3.021237285594213
343	339	4.534695099681531
343	486	2.759661836417521
343	514	4.053054670189278
343	520	2.393279511858127
343	590	4.678178573013505
343	733	3.9617991983070446
343	936	4.138154972387564
343	959	4.96665290325998
343	1064	1.96957040297166
343	1212	5.0
343	1629	2.9542044991573184
343	2142	4.220963104121173
343	2186	5.0
343	2316	3.7538978677143433
343	2378	2.504260448147556
343	2398	4.964393163123487
343	2469	3.5532632406169395
343	2571	4.603405872076552
343	2763	3.784029001546884
343	2779	4.813771535700291
343	2782	4.032717182563787
343	3210	4.7900795850141735
343	3255	4.230657235384007
343	3740	3.949271457571564
343	3868	4.238681786537437
349	47	3.850544952904692
349	157	2.6178798405476527
349	160	1.5986198112634855
349	494	3.079237111817414
349	555	3.951910440309145
349	589	3.677118118796533
349	1200	4.010975872903012
349	1221	4.152403032495009
349	1240	4.023984291118232
349	1573	3.439360686949817
349	1616	2.263964237967675
349	1639	3.858458272567984
349	1753	2.633848897713173
349	1954	3.4659272854134398
349	1961	3.6335784412269887
349	1997	3.2475944932188434
349	2268	3.6141561071908095
349	2291	4.0478089734476175
349	2433	2.9193086546918217
349	2490	3.303553871984111
349	2539	3.333268541270666
349	2694	3.2460920959987405
349	2706	3.5220065754087817
349	2713	2.5918433013421605
349	3033	3.2434818380432904
349	3243	2.614181023826482
349	3639	2.960572457854838
349	3689	1.533933363235419
355	1639	3.759771561801805
403	595	3.890537428248345
403	1028	3.3004146258717544
403	1097	4.310681210949196
411	314	3.3205834545507127
411	785	2.642561130885967
411	1911	2.976694059736574
411	2541	2.4463230153083857
411	2574	1.8977047067028396
411	2581	2.865495504666483
411	2699	2.911557212909928
411	2828	2.100831112475789
411	2861	2.3968490537051816
411	3004	2.755140520487439
411	3103	2.288659585553418
411	3354	3.1353114238079387
411	3554	3.345592519231461
411	3564	1.6730286652468571
411	3565	3.207535559339366
411	3754	2.5417113038707084
411	3784	2.8266215366854635
411	3893	2.986038085418151
424	10	3.550173319362874
424	11	3.3456544548871565
424	12	2.2804678946224426
424	39	3.958605326933847
424	40	4.754496868038808
424	48	3.0711468133231348
424	62	4.074806159443383
424	71	1.5733366675779117
424	104	3.385657323672524
424	105	3.58027647101438
424	126	1.243911582379459
424	132	2.788221809451637
424	152	2.8411868571100056
424	160	2.113638709242662
424	162	4.318080326075404
424	173	1.946572254961055
424	180	3.409231318314873
424	185	3.206284667334906
424	196	2.860754760574175
424	225	3.429439357315485
424	227	2.9417647701203795
424	229	3.744586605896089
424	230	3.454821225455797
424	231	3.622667533875146
424	235	3.998553563936084
424	237	2.639445631672109
424	253	3.4060172297145326
424	273	2.727054267478113
424	282	3.5732156413631917
424	293	4.081728051693756
424	300	3.760238446825784
424	316	3.491234178673623
424	318	4.482093500902571
424	328	2.681377976609989
424	329	3.2789077959611177
424	332	3.122210134758506
424	344	3.463597944042364
424	345	3.858920513458425
424	355	2.0971889371250705
424	357	3.772887184666041
424	368	3.715788336259906
424	370	3.45181992708602
424	372	3.2438076532049798
424	376	3.5347585858298327
424	382	2.9251382686981158
424	393	1.2041741359016147
424	412	3.808151862533935
424	413	2.402396684325596
424	423	2.3642568359718967
424	429	2.3578535530214317
424	434	2.834410993500998
424	440	3.95207321098906
424	441	3.617740698239329
424	442	3.406105400343858
424	454	3.533917865484169
424	466	2.6663999754891208
424	468	3.3444095640559253
424	471	3.091164462876154
424	479	2.12787284592616
424	481	3.529022422517664
424	485	2.4778393491249746
424	494	2.591031676462899
424	500	3.3528063162965847
424	507	3.692622375188037
424	511	2.1720389997758978
424	517	2.5192714466209503
424	518	1.6171293672839977
424	520	2.515315941550708
424	524	3.4155936394150075
424	531	4.1023553689144485
424	532	4.2361678232827735
424	533	3.647940724034453
424	539	3.234036140815525
424	543	3.611859677562379
424	551	3.764037339729209
424	586	3.411747161837899
424	587	4.115067709485579
424	597	3.6249547681637786
424	662	3.290581078934116
424	671	3.993184452300031
424	678	4.159189278359865
424	724	3.1121592620946266
424	725	3.289411124711501
424	733	3.275040390148187
424	736	2.9705905200438414
424	743	2.880593396169014
424	784	3.200762248957867
424	786	3.114025264516377
424	788	3.0873648124113986
424	842	2.652157512139216
424	879	2.880635817156438
424	880	2.3764000381404635
424	902	3.7871382650822714
424	945	4.569215813514518
424	948	4.025239671189678
424	969	4.07358422985062
424	1013	3.7142435246443264
424	1020	3.438826513448091
424	1023	3.4393386230470058
424	1027	3.4666173629223773
424	1037	1.895692525130156
424	1042	3.2937470608183417
424	1083	2.8657808503420634
424	1092	3.1149195454729397
424	1099	3.515998415873427
424	1100	3.432395906889428
424	1101	3.955734299817066
424	1120	4.026341489358553
424	1124	3.774761760576648
424	1125	3.974180609214596
424	1135	2.7602897802766675
424	1173	3.683341793591581
424	1177	3.6535689113049754
424	1183	3.438798097235337
424	1191	2.998249458305744
424	1194	3.7491276768316575
424	1217	4.594944250699783
424	1230	4.101092175781338
424	1240	4.237490651977664
424	1244	4.057110707923024
424	1246	3.432778080951552
424	1254	4.412827305868144
424	1257	3.819193956362264
424	1267	4.840125182605706
424	1285	4.054361095181629
424	1286	4.031014222546208
424	1291	4.193514687886397
424	1295	3.475703076811702
424	1304	3.978851336435176
424	1307	4.340262410116317
424	1320	3.178210170114084
424	1326	4.341061318412531
424	1327	3.411143664169663
424	1330	2.951315957428516
424	1334	3.374470915462424
424	1342	2.2683464841069423
424	1343	3.8064002160214505
424	1345	4.23519737117798
424	1346	1.879420990828059
424	1350	3.536252229655903
424	1359	2.1597096446960617
424	1363	2.9427155624306485
424	1366	4.299426824183963
424	1371	3.962839504430288
424	1373	2.520111901478653
424	1377	2.7626125891038384
424	1378	3.0849797116275903
424	1381	1.9944832933556045
424	1382	1.0
424	1385	3.4766092258258827
424	1389	1.9520825952955356
424	1393	3.655935236689671
424	1422	3.133618799081206
424	1438	2.982162505783792
424	1466	3.661992661365258
424	1468	3.8488106677291047
424	1476	2.8928903155989376
424	1485	3.374179246617457
424	1544	3.140569227351057
424	1552	3.138739649925236
424	1569	3.383307467849972
424	1591	1.9733323443328783
424	1608	3.965544557169627
424	1635	3.74136773526406
424	1641	3.509953632677913
424	1644	2.967868829562274
424	1658	3.264559175675968
424	1663	3.0681359982960563
424	1672	3.876265804658885
424	1674	4.161997968956364
424	1682	3.977947427449116
424	1689	2.574182011492071
424	1690	2.965405199168224
424	1717	2.875202274919843
424	1721	3.4139459651327333
424	1722	3.999290376416656
424	1731	2.190185411521308
424	1752	2.1305195490074555
424	1753	2.7679146435344744
424	1754	3.260708479328052
424	1762	3.463337003832865
424	1772	2.51021307809162
424	1777	3.4424907209648934
424	1792	2.589415944574492
424	1805	3.23149666011849
424	1836	3.020022184778854
424	1839	2.5703214021823797
424	1840	3.449584199251024
424	1882	2.011480714111942
424	1909	2.988276354260276
424	1917	2.9020444944943264
424	1947	4.139202095554428
424	1958	3.6928102053789664
424	1959	4.153285816586125
424	1969	2.330722059773081
424	1970	3.2197996176420145
424	1971	2.461933530208602
424	1972	2.703341954785826
424	1973	3.0208358883447506
424	1975	3.4995655715502743
424	1976	2.44055973382794
424	1978	1.8028151358623623
424	1983	2.520383428855936
424	1984	2.636752131240078
424	1987	1.7218615926238638
424	1991	1.9744653178919649
424	1992	1.8778653818650437
424	1995	2.2961501514067475
424	1998	1.6263407790715494
424	1999	2.780356950387855
424	2002	3.3984034033613435
424	2004	2.385788473043444
424	2016	2.832672088939451
424	2021	3.7706667299844447
424	2022	3.5858332338691907
424	2038	3.0626952371525564
424	2044	1.5534147642931042
424	2048	3.640502324673384
424	2052	2.467501627888269
424	2065	3.513596170528011
424	2068	3.970268970484839
424	2078	3.3706153264218406
424	2080	3.7164807168648624
424	2082	3.1350102206348374
424	2087	3.66832772289862
424	2094	2.3859746270157967
424	2107	2.794374353119144
424	2111	3.781265222919972
424	2112	4.050802824317405
424	2113	1.0
424	2114	3.887929929332474
424	2118	3.9479481623935775
424	2119	1.5712461389133694
424	2121	2.3465614772291747
424	2122	2.4258801030499835
424	2124	4.093539483022127
424	2133	3.754506368573452
424	2134	4.006746891030643
424	2136	3.5308259335851733
424	2141	3.3380440693716458
424	2142	3.644033532928226
424	2144	4.246715958247623
424	2145	3.6157735484842
424	2148	2.507141441878753
424	2150	4.07625740621687
424	2155	3.8003072128697695
424	2170	2.114994090765133
424	2178	3.686353505292483
424	2181	3.245217629550784
424	2183	3.84501389072663
424	2184	4.764687231287162
424	2236	2.700855532434516
424	2240	3.5872697706623105
424	2241	1.588375403291331
424	2245	4.201245235155284
424	2249	3.0151548875908203
424	2252	2.489642430794117
424	2260	3.3974312839040044
424	2261	3.341618271287633
424	2263	3.4374054685719946
424	2264	2.8440501363032062
424	2269	2.7161233861529306
424	2273	3.468872819694756
424	2279	2.4621001311230573
424	2297	3.036072962789925
424	2301	3.3613935279186227
424	2302	3.814132547691265
424	2312	3.7195362440896025
424	2328	3.283374885113734
424	2333	3.9799967755486856
424	2335	3.043621380007531
424	2336	4.137391779402095
424	2364	2.025753207833961
424	2367	2.65389988610608
424	2370	3.124636400380292
424	2371	3.5128804591035845
424	2372	2.7513610741572814
424	2373	2.637243755903699
424	2374	2.958307524832681
424	2376	3.538143548074844
424	2377	2.6023937955197223
424	2378	2.0702029097864982
424	2379	2.1054764860109825
424	2393	2.9114240787240644
424	2395	3.427025161534809
424	2400	3.032691393528886
424	2401	3.619074833437897
424	2402	3.3556329696465874
424	2404	2.521300232764777
424	2405	3.2646357691417944
424	2407	3.4805079903310965
424	2410	3.543933849158164
424	2411	2.6413744709380245
424	2412	1.2848624947878435
424	2413	4.038048236754282
424	2414	3.5558271832620174
424	2416	2.8691596968262703
424	2420	3.071445900227461
424	2423	3.705566083648709
424	2428	2.762098702348621
424	2447	2.803826909424299
424	2450	1.9309394351321107
424	2451	2.901863489775032
424	2458	2.820443554396657
424	2459	3.1955814715485635
424	2460	2.6407849405596453
424	2463	4.045494527642861
424	2468	3.1020886854190857
424	2469	3.3766721648555005
424	2470	3.029984800334144
424	2471	2.1218516418003195
424	2473	2.3114214335687424
424	2476	3.4388596186082414
424	2478	2.7997963529140883
424	2496	3.409041517114894
424	2502	3.976501601865152
424	2513	3.19317831297251
424	2514	1.6509673795526938
424	2517	3.228943138430972
424	2520	3.086409155911769
424	2524	3.277224690877605
424	2535	3.361666328009889
424	2539	3.446743103241201
424	2550	3.182025502832716
424	2551	3.213859502681877
424	2567	3.927906535949564
424	2571	3.96791573972268
424	2613	3.6155706424527176
424	2616	2.38567514904018
424	2633	4.38814693600418
424	2654	4.451897476852995
424	2655	1.3262190270433332
424	2656	1.792509421709371
424	2657	3.7949668895663455
424	2668	2.610876519390046
424	2688	2.957799291633383
424	2702	2.4320102341088004
424	2717	4.059303985830534
424	2737	3.491521685591521
424	2739	4.438908131505988
424	2752	3.0125251940274937
424	2785	2.3859708310381125
424	2787	2.857756800717907
424	2790	2.0037120774557784
424	2792	3.754028569493522
424	2794	2.561991845112504
424	2795	3.997944233534174
424	2796	3.04225412680354
424	2815	3.148452051213359
424	2848	3.282705361466385
424	2851	1.626760270449612
424	2868	1.5418886342286071
424	2877	3.1421944726313056
424	2879	3.551654528334797
424	2902	1.8498050802797936
424	2903	2.7165517651566558
424	2915	3.3220918131467485
424	2942	3.595707846107992
424	2948	3.769311907692914
424	2950	2.4570935139554044
424	2956	3.191365968253363
424	2965	2.688625183003651
424	2971	4.591860744706563
424	2982	1.9451117393479973
424	2986	2.371986351332455
424	2989	3.529986657333119
424	2990	3.2778138025207277
424	2991	3.709123745506666
424	2993	3.587252737188988
424	3015	3.0301577041440635
424	3017	2.958664372595329
424	3021	2.370556091974003
424	3024	2.37136145435596
424	3031	1.929993905773212
424	3036	3.3757900661037
424	3043	1.0
424	3062	3.844330598593286
424	3066	3.797018442059352
424	3075	3.9035992241079023
424	3087	3.95293873914976
424	3095	4.499250799404871
424	3105	3.2227467401983194
424	3108	3.718929664789873
424	3142	3.755437249897168
424	3147	3.767562989019441
424	3208	2.714071274684178
424	3210	4.056538355386029
424	3243	2.7632513165379384
424	3246	4.351357946522069
424	3249	3.487895087179398
424	3252	3.615413979729638
424	3255	3.809811164243732
424	3257	2.8682065027470545
424	3258	3.060594019584243
424	3259	3.6382009424104433
424	3261	3.387590612421327
424	3263	3.489100645782941
424	3268	1.8748533001288905
424	3271	4.32287914548807
424	3286	2.378372154090533
424	3355	2.55326399452282
424	3358	3.762466952303107
424	3386	3.9783695076436074
424	3394	2.079422040005811
424	3401	2.340004716236772
424	3403	3.4568166487615724
424	3426	2.62115951021926
424	3430	3.3991392213784004
424	3431	2.5371182488632646
424	3432	1.0
424	3438	3.272086428662581
424	3441	2.783766938424128
424	3444	3.261834430721956
424	3445	2.5126397181381583
424	3448	3.8159562989128393
424	3450	4.088725672029682
424	3467	4.628981619414245
424	3478	3.3957348884998915
424	3480	3.9327110404777703
424	3499	4.0157411645481895
424	3500	2.952251013924094
424	3505	3.6012843977192768
424	3508	3.9161829741058742
424	3524	3.2999989992712866
424	3526	3.488681634035229
424	3552	3.2468661645391954
424	3577	2.6410601085382064
424	3591	3.415946485095202
424	3633	3.647036873880756
424	3639	3.8870520344361914
424	3654	4.365705700911337
424	3675	4.251762433205238
424	3676	4.274684656797861
424	3682	4.083260120667669
424	3686	3.246024867681177
424	3688	1.725957864750055
424	3689	1.64426410008217
424	3691	1.9878328846496431
424	3708	3.074069142240837
424	3709	2.5055509235359734
424	3711	4.294181389346038
424	3715	2.835879346056322
424	3729	2.927779863032354
424	3738	2.502220264106
424	3740	3.3098848538676937
424	3741	4.429156291487358
424	3758	2.25001914037952
424	3760	3.7419285286619344
424	3764	2.921015639902179
424	3766	1.151754358035774
424	3767	3.506034820576741
424	3769	2.47209761801482
424	3773	4.055294024700872
424	3791	3.329116728188956
424	3802	2.450049519212073
424	3807	3.59404779073404
424	3809	3.3055120126049085
424	3836	3.9816599458837754
424	3837	2.5373783941419634
424	3838	2.479774147033647
424	3840	2.0068552768479218
424	3846	3.191697605912953
424	3868	3.6549715651494377
424	3869	3.4848122690205754
424	3897	4.282595373239438
424	3911	4.057683123948386
424	3919	1.8853785080681904
424	3928	2.9534893409550533
424	3933	1.0
424	3935	2.1666592551681125
424	3937	3.448678397782248
424	3939	1.575429299955634
438	934	3.2806470616265924
438	2596	3.418533205462124
438	3510	3.6541721776404152
438	3566	2.982491862108214
438	3751	3.3239659019770764
438	3754	1.9989376101187608
442	497	3.913544185545219
442	750	3.9587684502252216
442	1192	4.123131989003142
442	1217	3.832227277337755
442	1225	4.269189229928161
442	1228	4.206894194912914
442	1233	4.177396234199189
442	1250	4.730726866784079
442	1267	3.675700096906305
442	1272	4.4452808238966215
442	1300	3.584260041705219
442	2005	3.2430889620206136
442	2128	4.380002516386505
442	2693	3.493236550224576
442	2884	2.039565061700858
442	3007	3.810906209279784
442	3285	1.864982505324847
442	3751	3.2393788070503566
442	3897	3.27538301664448
442	3910	3.8275520245150902
462	3409	3.2493998789210723
496	1391	4.112037838329837
496	2167	3.839955953977464
528	420	2.157207877661864
528	1090	3.4513796177682656
528	1222	3.8403501180611808
528	1769	3.4753184015778484
528	3146	2.1478321739465227
531	538	3.6005575168118304
531	553	3.401790088513391
531	613	3.1248723861032794
531	910	4.044096246195317
531	1127	3.0146557222616
531	1213	3.286772764440484
531	1912	3.860381577705958
531	2702	2.312648601350784
531	3457	3.338209722563534
531	3540	1.82888898179721
531	3615	2.8245502939232585
531	3826	2.215914044660692
531	3827	3.143460339964888
531	3857	1.4907424179877593
531	3882	3.2244983012120487
624	111	3.928798252597605
624	678	4.055717591810172
624	904	4.1600578923380205
624	1017	3.677734350572312
624	1089	3.481675107645096
624	1204	4.292409693812997
624	1228	3.9179290863222143
624	1251	4.342530745788287
624	1262	4.677176313187038
624	1393	3.500583827652363
624	2670	4.196625848326801
624	2692	4.618871887823966
624	3362	3.621121055168192
624	3435	3.9420883566423632
624	3451	3.626323225207999
624	3521	4.549814660565741
624	3746	3.8499119094108303
624	3795	3.0429370714670294
624	3811	4.305608181784283
633	373	3.2140733126074785
633	2318	2.519164602895257
633	2630	2.4954166457323983
641	1	3.714899227122024
641	110	4.783126407645171
641	265	3.962673428582842
641	316	3.418055410353407
641	539	4.026017205506496
641	605	3.03558272422195
641	919	4.03805332449563
641	953	4.15445922717445
641	1041	3.5518230324284907
641	1097	4.060904496828146
641	1196	4.432830704901972
641	1197	4.791090044696963
641	1200	4.099207767354846
641	1221	4.534131690826791
641	1222	4.087160649989371
641	1234	4.65058837772121
641	1235	4.593251406888599
641	1242	4.369659103403896
641	1265	3.796204118095032
641	1275	3.949794346749357
641	1295	4.73058271828043
641	1300	4.595297919329282
641	1307	3.5370983997241723
641	1356	3.708376919213775
641	1552	3.317026225065573
641	1693	3.605013586663044
641	1936	4.514682310311812
641	1962	5.0
641	1966	3.680940080688359
641	2003	2.9358489469381945
641	2028	4.626743972678688
641	2064	4.575104434137684
641	2145	3.046526807744655
641	2266	3.172255788578476
641	2300	3.99767678786192
641	2424	3.776663369947888
641	2463	3.2630496732460887
641	2571	4.536921319483031
641	2779	4.0496155348281775
641	2791	4.268058031472306
641	2872	3.597570409676646
641	2985	3.935932277500223
641	2996	3.661485119471777
641	2997	4.287780415626132
641	3091	3.5142058332274164
641	3100	3.736772973014588
641	3114	3.861252530874783
641	3156	2.622205255266799
641	3269	4.263120915046831
641	3510	3.993124692390386
641	3897	4.33791587099336
648	926	4.91662623115472
648	927	3.970435235203389
648	1171	4.308465895087918
648	1247	4.511207393957874
648	2395	3.314364428097908
678	831	3.651364623832981
678	3794	3.977320670253458
692	3328	4.759715569756123
710	2891	3.2296136045174637
710	3081	3.2504674793452386
710	3328	3.198468588870924
727	3361	3.248345929111058
749	25	3.083781196446011
749	914	3.804059846256859
749	970	4.4645974287392605
749	1189	4.00584250567047
749	2185	3.916461262287188
749	3198	4.4121787241919765
749	3733	3.414142312605752
749	3760	3.558278692523141
749	3897	3.825211077300851
752	180	3.634864074371965
752	490	2.5680738534366285
752	1097	3.1777029955388763
752	2108	2.3355265626610864
752	2686	3.0070890764267544
752	3565	2.518513606279563
752	3851	1.429122683204401
753	2572	3.4230880390706413
753	2959	4.861373135820784
791	420	2.99056589850464
791	2269	2.947679204110087
791	2794	3.453690283994992
795	2579	2.352288924395511
840	2762	4.903682235474652
856	3515	2.9855551656119097
856	3911	3.4089740057121487
884	34	4.887596080750005
884	110	4.660914820438089
884	150	4.940237286834178
884	296	4.693078900254299
884	858	4.969378077297759
884	1221	5.0
884	1339	4.30913111636035
884	1719	4.800737291149215
884	1784	4.398080068513458
884	1997	4.333072046383461
884	2028	4.822471502665015
884	2428	2.8791254451004127
884	2959	4.930843981793714
884	3300	4.328619262695953
884	3408	4.886593946037168
884	3785	3.44192734256214
911	62	3.724272894775941
911	224	3.7746045841254663
911	381	4.752457159910571
911	832	3.219890692971415
911	1271	3.517220616174583
911	1680	2.674984887353109
911	2432	2.6609615313192525
911	2906	2.984251873677904
911	3100	3.834280640685835
911	3252	4.034748335389084
911	3723	3.5044395419539933
911	3916	3.258732229530691
930	16	2.618977607227939
930	190	2.20979042014994
930	474	2.291173644204695
930	522	2.0679181240877926
930	555	2.317163754917357
930	608	2.710459637554314
930	750	2.581205566110328
930	1196	2.5261675242213424
930	1198	2.655401174034106
930	1222	2.6253983995496637
930	1291	2.527201959326913
930	1834	2.242779132906998
930	1845	2.168191373441784
930	1910	2.620280430778413
930	2194	2.2636122599902584
930	2762	2.396274171608995
930	2912	2.320131404142889
930	2952	2.3894756391890195
930	3147	2.2823533328563568
930	3181	2.7380387712530103
930	3518	1.3373969795929983
937	968	3.936312028446249
937	1059	3.616355439412013
937	1393	4.438201282888885
937	1395	4.131646867142677
937	1639	4.271118635189954
937	2240	4.512638309246936
937	2248	4.466369275111795
937	2473	2.518841047739335
937	2794	3.2251990690519303
937	3101	3.261090662307561
937	3327	4.634415499225798
937	3943	3.8117191082065625
1019	29	2.14072778874505
1019	1204	2.846803768562442
1019	1233	2.727550310959137
1019	1653	2.1674936924235304
1019	1772	1.761646426750492
1019	1783	1.2802230222866389
1019	1845	2.243704647678515
1019	1875	3.1805782565241056
1019	1997	2.318983976834062
1019	2671	2.659120325428708
1019	2932	2.687975900753554
1019	2976	1.5054909367418714
1019	3163	1.3746898786946038
1019	3176	2.282635517564621
1019	3252	2.223709355479866
1019	3317	1.878915014108032
1019	3467	2.6369826984092914
1019	3712	1.4110336645356785
1019	3724	2.427099300050729
1019	3794	2.813785091840095
1051	2891	2.6138058286120947
1051	3239	1.327405417520747
1051	3564	1.4602226186034473
1051	3615	1.7818544653061563
1051	3624	2.845238337223716
1051	3646	1.8922669685765257
1051	3830	2.346924308663639
1063	2605	3.3315796772646733
1088	25	3.912121034640085
1088	28	4.126801639912585
1088	52	4.17815792652487
1088	95	2.895146560007655
1088	161	3.837619050514213
1088	163	3.041253367442768
1088	174	3.100967184603157
1088	180	3.56296553183826
1088	185	3.218120473311246
1088	231	3.2515703890697565
1088	236	3.1333869831478847
1088	239	2.580617878266094
1088	256	2.192877874712972
1088	274	2.0738415583031355
1088	339	3.746909099082445
1088	351	3.9964114614377215
1088	372	2.8285463228416585
1088	412	3.81301116049356
1088	419	2.157160328815392
1088	440	3.717314696303688
1088	455	2.594504560621393
1088	508	3.942225261195361
1088	524	3.989679670721478
1088	543	3.78353660849777
1088	552	3.24268168820828
1088	553	4.055055894779554
1088	555	4.26850499897192
1088	585	3.006255410463792
1088	597	3.808505924180854
1088	599	4.595644730655233
1088	653	2.6032884927854387
1088	742	2.6141248602916103
1088	743	2.888282551360893
1088	765	2.65702381260358
1088	784	2.346713028842536
1088	785	3.582861836402654
1088	801	3.496895265841593
1088	803	3.729126885080004
1088	832	3.6033210940892
1088	929	4.3854205291347785
1088	942	4.035311218855704
1088	996	2.9050779517744867
1088	1013	4.11040216687088
1088	1033	3.392042923124213
1088	1050	3.847066133041259
1088	1069	4.144963796726938
1088	1248	3.796724589607292
1088	1344	4.219452755850422
1088	1354	4.757076383852219
1088	1396	3.386907642683105
1088	1416	3.635240627746864
1088	1483	4.127076115249137
1088	1487	3.374349396888428
1088	1608	3.8472408593477145
1088	1653	3.999672226505537
1088	1674	3.992783148619937
1088	1683	3.5792766741523727
1088	1711	3.2249773458569284
1088	1713	2.9534604065128587
1088	1717	3.186638310673924
1088	1805	3.5463271343575764
1088	1821	3.216592063667728
1088	1866	3.5288996627796965
1088	1892	3.166260760354056
1088	1894	2.772284411955689
1088	1909	3.0844717342456938
1088	1923	3.934449459068402
1088	1931	4.455058027637685
1088	1932	4.491529039900717
1088	1958	3.593699238047434
1088	1974	3.1282189128491544
1088	1993	1.856731424630701
1088	2026	2.668814891939232
1088	2052	2.7146727019832677
1088	2078	3.6516825817255487
1088	2096	3.696075739888261
1088	2265	1.0
1088	2297	3.889437026556069
1088	2320	2.8405846464022706
1088	2334	3.144913298006824
1088	2341	3.1448586222354566
1088	2390	4.037536108417678
1088	2424	3.300648235235495
1088	2439	3.042117552095921
1088	2485	3.3837282863485854
1088	2496	3.3983811328710414
1088	2506	3.758437324208338
1088	2618	4.340024848633784
1088	2628	3.316498143504913
1088	2644	3.610307042596187
1088	2690	4.508454177326171
1088	2696	4.017931815159241
1088	2724	2.4486759489759558
1088	2803	3.47062963466246
1088	2861	3.333864370689004
1088	2908	3.962817660866061
1088	2919	3.9993116930169297
1088	2936	4.000648263136951
1088	2977	2.8297525855738463
1088	2996	2.7775301942958563
1088	3051	2.1570759350454
1088	3101	3.5242359394030047
1088	3114	4.193298820301477
1088	3121	4.087279115581961
1088	3145	3.8440716333927543
1088	3153	3.161319203547976
1088	3213	4.128733632127168
1088	3225	2.449428495900007
1088	3255	3.5451497284465665
1088	3258	2.999954773665845
1088	3300	3.2665586958792927
1088	3354	2.8208282263791604
1088	3371	1.7326072352684492
1088	3448	3.69294257900474
1088	3516	3.963519594511205
1088	3565	3.5206168905610284
1088	3566	3.880742644362939
1088	3604	4.382088499561897
1088	3704	3.3383503792564038
1088	3717	2.8808113821967702
1088	3729	2.924487352828704
1088	3744	3.066827029909061
1088	3949	4.375179796249728
1101	85	3.128895867153708
1101	232	4.172816949629046
1101	521	2.7440248064855277
1101	783	3.941236126748351
1101	1059	3.792319125767526
1101	2473	2.122081160209758
1101	3262	1.8765409629863443
1113	1673	4.245521749921755
1113	2731	4.050904923701356
1113	3006	4.314304893114617
1113	3900	3.61756325392443
1120	926	4.358333009463772
1120	2395	3.5203613901998323
1120	2617	3.569581940154191
1120	3556	4.111132939149757
1125	92	1.634882430032886
1125	338	2.212265062418194
1125	555	3.543387487663721
1125	593	3.801308043800717
1125	784	2.4208293334328146
1125	849	2.2092964807631184
1125	1396	2.862990921568978
1125	1833	2.187240923568157
1125	1994	2.8158298078769555
1125	2072	2.166250518343685
1125	2432	3.5337258920889303
1125	2713	2.852140508076706
1125	2976	2.75173305089982
1141	2088	2.4998603871116
1142	1678	3.3815737331902467
1142	3100	3.8370610587457374
1164	6	3.7632553780159816
1164	16	3.703691574284002
1164	21	3.081783496798656
1164	32	3.866394609533406
1164	45	3.33653150372122
1164	82	4.09960730801782
1164	94	2.341359709019384
1164	101	3.322045074234684
1164	125	2.838699363834136
1164	141	2.975182850891457
1164	194	3.63351583868428
1164	232	3.37929202617035
1164	235	3.25039082014846
1164	288	3.073505324173222
1164	319	2.818509134490175
1164	335	2.227464857630858
1164	348	3.240514940812255
1164	351	3.468865373559717
1164	381	2.826970775834151
1164	388	2.9223765289735995
1164	440	3.302096880483256
1164	457	3.919169454615134
1164	475	3.3260571779772565
1164	480	3.846086999950432
1164	501	3.639997443198384
1164	508	3.7177363737916025
1164	523	3.665423208356741
1164	535	2.8928419450096894
1164	538	3.1299132605288147
1164	587	2.8112069713082857
1164	589	3.4822084250169656
1164	597	3.145148513513927
1164	627	3.4652238620736098
1164	647	2.935920440068094
1164	715	3.3372554021765155
1164	728	2.7788768900787817
1164	778	3.415213807618337
1164	785	3.10716804404234
1164	851	3.3971153497387
1164	988	4.1234503188866825
1164	1036	3.254507058627687
1164	1056	2.3240826920062263
1164	1059	3.055115222983034
1164	1060	3.5904633441775675
1164	1079	3.7694635857177
1164	1120	3.374382397477743
1164	1124	3.3500500432043867
1164	1177	3.1953432945001228
1164	1187	2.5636748006823926
1164	1188	2.657028915159918
1164	1234	4.2289008989822845
1164	1240	3.334996441867145
1164	1246	3.519055912596357
1164	1249	4.133450967744019
1164	1268	3.300903798378015
1164	1271	2.9502323577791785
1164	1290	2.432043701675938
1164	1302	3.552635637489156
1164	1358	3.330806056416387
1164	1394	3.526459387717212
1164	1396	3.2449586800110457
1164	1406	2.455610785160935
1164	1449	3.2742351970834487
1164	1458	2.61399963789109
1164	1466	3.282004419801963
1164	1500	3.5896491654079337
1164	1537	3.5133326581259667
1164	1584	2.7884244709921715
1164	1625	2.999241812139908
1164	1633	3.360418039543182
1164	1641	3.2975102094673634
1164	1673	3.722997964510038
1164	1678	2.870160510865128
1164	1694	2.8650484378385337
1164	1719	3.2718731303714823
1164	1729	3.745854776270249
1164	1730	3.6725970320261063
1164	1747	3.656295042841481
1164	1749	2.635952552816065
1164	1759	2.0685459434396978
1164	1767	2.039878885526913
1164	1794	2.5827595586159013
1164	1834	3.0240139537890323
1164	1836	2.3798448064588733
1164	1889	3.49932189275547
1164	1914	3.871665041744846
1164	1923	3.44024489526458
1164	2175	3.881135348342316
1164	2237	2.7430598265251387
1164	2268	3.423022858432037
1164	2295	2.799578438475772
1164	2302	3.24698823833533
1164	2324	3.5503619852887303
1164	2331	3.1418454894923906
1164	2359	3.482913002765123
1164	2391	3.587117633117864
1164	2424	2.816003515702357
1164	2442	3.4308041197557118
1164	2474	3.0493547921218545
1164	2571	3.17254497613465
1164	2577	2.3105314692028047
1164	2579	3.109214699249841
1164	2580	2.991132441526064
1164	2620	3.366675462903458
1164	2671	3.175464314303779
1164	2725	2.963569449749452
1164	2766	2.838308880313604
1164	2797	3.313406316381108
1164	2885	2.9862498230530727
1164	2908	3.345035245283793
1164	2973	3.037428714674099
1164	2996	2.1086866883136075
1164	3055	3.197725762928129
1164	3079	3.0825506591199767
1164	3102	2.6925433709311246
1164	3103	2.2404856818192904
1164	3105	3.146570538555856
1164	3118	3.226343949214366
1164	3125	1.9741634235005887
1164	3129	4.10344415002426
1164	3145	2.9277759923517257
1164	3163	2.3905364569648557
1164	3247	3.004496111419139
1164	3317	3.262026030586356
1164	3361	3.4079271827067035
1164	3466	3.9146729849971273
1164	3505	3.773138066773525
1164	3809	3.1569960142846614
1164	3874	3.406707882480225
1165	2706	3.923847679224621
1181	159	1.903111109802695
1181	233	2.1167740756754974
1181	522	2.4567227520178907
1181	1060	3.3650847073788537
1181	1274	2.952973429255814
1181	1631	2.1479059769042226
1181	1748	3.158815225554731
1181	2110	2.45450362785136
1181	2810	2.444687420127003
1181	3327	3.9569708584520353
1181	3949	2.913321841527493
1202	349	3.1683499475827746
1202	986	2.9943919188068
1202	1615	2.282461603923881
1202	2232	3.400675833830784
1202	2858	3.458463434047443
1203	1127	3.333933969877277
1203	1769	3.660052701492143
1203	2138	2.979644651708386
1203	2616	2.6818398162460197
1211	900	3.5647941493553468
1211	1282	3.845167404709617
1211	1292	3.670934876998813
1211	1964	2.903068876011843
1211	2248	3.632139053985623
1211	2300	3.77312036544781
1211	2932	3.146747047965664
1211	3578	3.1282002223853844
1211	3862	3.898313834794704
1260	999	2.907086004638393
1260	1221	4.524737177700876
1260	2243	3.765929725229544
1265	29	4.07599830858389
1265	101	3.212638877822568
1265	778	4.27512868342084
1265	1235	3.7735905117983295
1265	1466	3.971639208936841
1265	1755	1.5505248743272628
1265	2579	3.616852375326589
1265	3568	2.888994589504417
1266	13	2.0072824133299383
1266	185	2.4370983960468684
1266	420	1.2123932289408872
1266	780	3.047033917334221
1266	840	1.7148870672844598
1266	1292	3.535227491335742
1266	2084	2.325930408575505
1266	2138	2.507491770010561
1266	2269	2.1217162260248226
1266	2794	2.450232475800743
1266	2876	2.3065532140950715
1274	751	4.855265421114819
1274	947	4.002661820360008
1274	2240	3.2238644830076777
1274	2248	4.689369759304938
1274	2819	3.674472125058571
1274	3096	3.5138321228446814
1274	3456	4.779721770467336
1301	866	2.966220472076907
1301	3175	3.394641708584679
1301	3556	3.6214070021100495
1301	3949	3.5088592636133704
1306	14	4.446214259392381
1306	193	3.21451253678888
1306	225	4.004470598915018
1306	356	4.907026147708984
1306	379	2.8469524174594647
1306	569	3.361645179354022
1306	590	4.706599329346726
1306	852	3.634099043128895
1306	1042	4.019391284223116
1306	1094	3.533443091726169
1306	1208	4.726347563286602
1306	1292	4.5248851391763045
1306	1476	3.599639987529677
1306	1883	4.082486512763324
1306	2202	4.617725111757411
1306	2316	3.4599470340609324
1306	2329	4.7455296133730265
1306	2671	4.317312678702713
1306	2693	4.112624569710806
1306	2861	3.766228089449952
1306	3006	5.0
1306	3146	3.1525543252332784
1306	3174	4.275239149848152
1306	3298	3.744884665708681
1306	3317	4.806190193779396
1306	3361	4.155408019423746
1306	3510	4.572523295415527
1306	3535	4.111028808524957
1306	3554	4.214139298543207
1306	3825	2.906050246579387
1306	3830	3.720193425214272
1306	3861	3.6288136901479646
1317	525	3.6775089567215393
1317	3862	4.121512275224077
1348	2628	3.611963315429564
1348	2671	4.188174936608085
1348	2805	3.550230371277445
1352	1251	3.5043603562325045
1352	2692	3.7268015917109385
1352	2920	2.7356922562784063
1352	3785	2.6792718124223143
1352	3823	2.7117363157526078
1389	3317	3.2052444837674043
1389	3510	3.918061394668604
1389	3598	3.080619447758488
1389	3893	3.3403995433468303
1389	3911	4.093841736283134
1390	1	3.976234278503342
1390	6	3.8760686331676144
1390	7	3.758293843660228
1390	16	3.864970908744847
1390	21	3.2080483223954395
1390	52	4.281365218655939
1390	62	3.545661518188913
1390	185	3.117137147803398
1390	253	4.262975565899141
1390	260	5.0
1390	266	3.8521550559254862
1390	282	2.9846478369909137
1390	296	4.085766200606759
1390	317	2.112642787551945
1390	339	3.718548461328556
1390	349	3.260886543023604
1390	350	3.775538990198085
1390	357	4.389455692080715
1390	361	3.94333089533687
1390	364	4.071226010313855
1390	367	3.5858877760284398
1390	368	3.5621354085629253
1390	377	3.356894618800007
1390	381	3.2676392892027795
1390	454	3.939103853961005
1390	481	3.8784354966561967
1390	527	5.0
1390	534	2.959927520184872
1390	587	3.997584295000325
1390	593	4.633419173857373
1390	608	4.703687433971166
1390	648	3.2983661510008835
1390	802	2.33395115548823
1390	805	3.430093602789238
1390	832	3.145568094518854
1390	919	4.833493139526869
1390	1096	5.0
1390	1179	4.71461129392932
1390	1196	4.216571870168401
1390	1213	4.392507848114983
1390	1214	4.095505601259997
1390	1230	3.494789357914385
1390	1258	4.206703317148121
1390	1271	3.760876386354328
1390	1278	4.603199570774193
1390	1292	4.296943627858252
1390	1333	4.390990909921699
1390	1345	4.123260076376472
1390	1350	4.447962969353612
1390	1353	2.9326990807300617
1390	1396	3.602421013287046
1390	1407	3.901728458618516
1390	1498	2.875620001811387
1390	1517	4.212405672415335
1390	1541	3.079495741911884
1390	1573	3.9714607871583696
1390	1584	2.365122339120289
1390	1617	4.188765631263966
1390	1625	3.5845575416911157
1390	1653	3.411102468060139
1390	1673	4.522609245030555
1390	1682	4.516525762878757
1390	1721	5.0
1390	1722	3.487682799471814
1390	1784	4.338709371116317
1390	1994	3.5856421655636286
1390	2012	3.401070161642252
1390	2174	3.251506913996303
1390	2231	3.9571847803225775
1390	2236	3.420644148544102
1390	2248	4.445707192250856
1390	2253	2.7337963338498743
1390	2269	2.701990718249616
1390	2289	3.820525261672284
1390	2294	4.175834354871884
1390	2391	3.1308492450664294
1390	2396	4.76814405330572
1390	2455	3.4811663715289747
1390	2490	3.276220183801528
1390	2505	2.964199182626852
1390	2570	3.3418848084189907
1390	2571	4.338404132515254
1390	2687	3.983446693157752
1390	2763	3.92636710843205
1390	2890	3.836069809701919
1390	3082	2.833684794728066
1390	3114	4.123548742625863
1390	3160	5.0
1390	3249	3.227531662968987
1390	3253	4.255113980857357
1390	3259	3.2932743566777107
1390	3308	4.130441986070552
1390	3359	4.479266914948624
1390	3450	4.18474977723206
1390	3499	3.9073319263413975
1390	3502	4.544361977447214
1390	3686	2.55766000099644
1390	3897	4.505155632394969
1395	172	2.848996494627373
1395	173	1.6541089580907498
1395	196	2.932002538754296
1395	198	4.362371442229389
1395	260	4.3985009826329815
1395	327	2.512189591428154
1395	329	4.271511016788317
1395	338	2.4870664237385736
1395	405	2.8792175252650205
1395	442	3.596768271035769
1395	519	1.9808387273125905
1395	546	1.7690774447016615
1395	610	3.243911215405797
1395	674	2.9830171460088737
1395	737	1.9352172800155147
1395	741	2.9313187974773025
1395	780	4.386564910704675
1395	1196	4.5386804639049965
1395	1199	4.008688222429407
1395	1200	3.8363130124967686
1395	1205	3.556632336262995
1395	1210	3.89392181306386
1395	1214	4.03407080095814
1395	1253	4.222175169946382
1395	1270	4.060994874984429
1395	1320	2.8866836967894915
1395	1321	4.205748924074989
1395	1356	3.8444391683070434
1395	1373	3.177293284115735
1395	1374	4.343751473617734
1395	1375	3.65411717905147
1395	1376	4.03364098851498
1395	1391	3.1954793387284948
1395	1573	3.756542256173841
1395	1676	3.000673224474029
1395	1690	2.641215109475527
1395	1748	3.78045838364676
1395	1831	2.9097322191371022
1395	1862	1.846692366165068
1395	1924	2.729500399895456
1395	2011	3.830704042589918
1395	2012	3.570599566822044
1395	2038	3.4719063139878865
1395	2094	3.10830813425051
1395	2140	4.253135559492527
1395	2275	1.4529180193665332
1395	2393	3.4285976064570085
1395	2407	4.565161764356474
1395	2450	2.164116820873162
1395	2628	3.292291178700792
1395	2672	3.686938473527744
1395	2699	2.716135478885624
1395	2793	2.2904532955394856
1395	2808	2.7020970200852013
1395	2985	3.5056931864502903
1395	2986	2.013205563606872
1395	3033	3.605218237052792
1395	3070	3.65369830120276
1395	3175	3.4981239295806423
1395	3510	3.599419816293145
1395	3638	3.2337764964386078
1395	3699	3.818267504990701
1395	3701	3.360155533663793
1395	3702	3.5111339520205287
1395	3703	4.230392948788156
1395	3704	3.68105437603289
1399	223	4.174491541830649
1399	416	2.1007633441724365
1399	553	4.093500379952473
1399	608	4.287095619446778
1399	1189	4.786645370773126
1399	1247	4.783089533847197
1399	1265	4.530191374453631
1399	1297	3.32660866620479
1399	1485	3.936128363208097
1399	1639	4.296824824223384
1399	1799	3.1356380177910896
1399	1866	3.785412126996667
1399	1883	3.110500888100113
1399	1895	3.079634001738455
1399	2141	4.265876565039927
1399	2186	4.191702599901222
1399	2322	2.040434717080751
1399	2394	3.603584859962727
1399	2572	3.921558499976622
1399	2846	3.837896278178654
1399	2905	3.9260877424055143
1399	3189	4.656012194718972
1399	3190	1.4998224832305989
1399	3285	2.798594871249134
1399	3317	4.414498346504962
1399	3481	4.041895905444286
1399	3502	4.447143669978563
1399	3534	3.0830158843534234
1399	3556	3.7421749489714777
1399	3717	2.788618021028745
1399	3786	2.994092408531253
1399	3797	3.106937741073614
1399	3825	3.0944369665345595
1399	3861	3.315764953383478
1421	117	3.5174000615305534
1421	235	3.054168319443741
1421	910	4.431507141156598
1421	1097	3.898886371791291
1421	1104	4.669927704318895
1421	1150	3.42387852266208
1421	1206	4.002346017773001
1421	1821	2.7317193992286204
1421	1947	4.1473780691192825
1421	2359	3.8699451931193503
1421	2692	3.5211984771956693
1421	2863	4.728768281683401
1422	553	2.809610564920335
1422	1252	3.7262082893205895
1422	1513	2.744351897548957
1422	2851	1.1675509768675465
1422	3044	2.9184780963181427
1422	3161	2.243938223364444
1422	3360	3.1603001199539715
1422	3654	3.895789553608818
1422	3708	2.823291797358197
1425	6	4.215649275226755
1425	181	2.1648890729534105
1425	206	4.529861027221713
1425	223	4.008931502488874
1425	337	4.357899706505128
1425	413	2.661373177144615
1425	442	3.4279294997410767
1425	494	2.718064706440419
1425	540	2.0102060486282087
1425	778	4.5288995756895885
1425	899	4.288708906967582
1425	911	3.8105597182785984
1425	1016	2.931960284433533
1425	1091	2.8707407292962173
1425	1135	2.9878215729020416
1425	1171	4.7264327956894485
1425	1244	4.265822088276259
1425	1366	4.622853577184211
1425	1373	2.556921884858744
1425	1426	2.967891070354625
1425	1612	2.1150609111241594
1425	1719	4.900822922377658
1425	1767	3.7363449813839007
1425	1794	3.594825110745008
1425	1866	4.068610958535646
1425	1994	3.8403239953211217
1425	1995	2.162918290317972
1425	2140	3.5437501388095773
1425	2162	2.543209644656791
1425	2357	4.312829120784996
1425	2380	3.0217203778410355
1425	2381	2.515595295471693
1425	2389	2.633397488170976
1425	2398	4.604225052651661
1425	2671	3.505437821782492
1425	2844	3.789397173042083
1425	2915	3.721696963200509
1425	2995	2.3975422767643533
1425	3008	3.947385768243064
1425	3055	4.444699697198868
1425	3062	4.564522443474698
1425	3173	3.754505730959642
1425	3190	2.997667497273048
1425	3249	3.457549880905058
1425	3355	2.3334950835654515
1425	3387	3.866101154284692
1425	3401	2.590737372148804
1425	3512	3.274498748623849
1425	3688	2.106193279839588
1425	3712	2.629974960739156
1425	3747	4.2991837290715615
1425	3793	3.815791259821357
1425	3794	3.5961747962982686
1425	3835	1.8133042593396824
1425	3867	3.012398831501381
1425	3903	3.5262958174598755
1425	3908	2.66711533902262
1425	3909	3.0047514100343227
1425	3915	3.6434039062960974
1425	3950	3.0081356701393127
1425	3952	3.590756797038652
1447	909	4.031305622514394
1447	1233	3.9188961887072855
1447	1921	3.4731935745726217
1447	2448	2.472098090143967
1447	2501	3.681901912363929
1447	2660	3.5418860402332784
1447	2729	2.7999618109032824
1447	2851	1.0430088205059354
1447	2968	3.1454973483664688
1447	3317	4.4393770092678215
1447	3826	2.663028146832977
1451	50	4.801677292961142
1451	266	3.4105927528715307
1451	307	4.274084630001178
1451	314	3.391381899151207
1451	367	3.009216057371281
1451	594	4.270039618302439
1451	800	4.638104786812222
1451	914	3.6829037773998303
1451	1135	2.8169441502011026
1451	1193	4.368184415286235
1451	1225	5.0
1451	1228	4.866068217918642
1451	1295	5.0
1451	1300	3.681290838915493
1451	1307	3.6601481671079257
1451	1342	2.553118603922722
1451	1391	3.4200734308504064
1451	1419	3.750684718780872
1451	1464	2.561654385795775
1451	1517	2.996817120153511
1451	1537	4.560227298544667
1451	1644	3.194525384576374
1451	1953	4.57575432799059
1451	2001	3.283545024612613
1451	2006	3.619613266856273
1451	2021	4.59240514936835
1451	2076	3.6407390641747743
1451	2096	3.980287520257924
1451	2110	3.98235104512037
1451	2114	3.1265685479990126
1451	2121	2.5767790184838137
1451	2137	3.328261949233344
1451	2240	4.166672652577557
1451	2241	1.095405111293092
1451	2273	3.296937463819498
1451	2313	4.057355296028595
1451	2376	3.750398635400748
1451	2378	2.545038361227224
1451	2379	2.370938910470893
1451	2410	3.564348183511339
1451	2421	2.827671865938022
1451	2470	2.8571090083797217
1451	2471	2.6309158520637843
1451	2628	3.700186570094456
1451	2736	3.513923746573341
1451	2790	2.068734111570171
1451	3016	3.1459317439588
1451	3035	4.501992492698662
1451	3090	4.908370856412859
1451	3110	3.495828006546835
1451	3150	3.309376648174889
1451	3175	3.742173507518617
1451	3214	3.230006246205094
1451	3366	3.4374847960333823
1451	3386	4.475610077151521
1451	3480	3.8376001943339215
1451	3496	3.489250644157064
1451	3499	3.813078382085382
1451	3525	2.579896239081673
1451	3547	4.3703800792330325
1451	3550	3.0061721755296067
1451	3577	3.0360889522514296
1451	3591	3.1775778608427587
1451	3691	1.871191749017302
1451	3846	3.0771415025448103
1451	3852	4.031284712500503
1451	3917	3.4449926888262943
1491	471	2.172974672125479
1491	2355	2.867114469005452
1500	1554	4.179700816679957
1500	3016	3.224292215987168
1500	3354	2.384764686948284
1500	3578	3.6154665650731848
1500	3751	3.590882060112992
1500	3911	4.9488996699913095
1524	260	5.0
1524	2628	3.570253344595931
1551	668	3.997271800364856
1551	928	4.712172183984631
1551	1097	3.343145844738861
1551	1251	4.5189151774419525
1551	2420	3.1797752124227747
1551	2579	4.080020994309613
1551	3188	3.971131004213401
1551	3538	3.3354737204742047
1556	367	3.494574975911549
1556	380	3.137941202420818
1556	1188	3.5456496575249647
1556	1610	4.015291969832308
1556	3097	4.167231362724476
1579	5	3.1657891325421903
1579	122	2.670084457513281
1579	216	3.239632539975278
1579	333	3.3599973581644385
1579	338	2.5704250478857507
1579	450	3.2072111218167776
1579	454	3.7427868809317735
1579	508	3.9214243655178858
1579	575	2.507933187097297
1579	1005	1.8574365208870327
1579	1172	4.2040308141270994
1579	1342	2.344430331749272
1579	1359	1.88110421328861
1579	1526	2.6042551522802
1579	1562	2.0088119126470647
1579	1597	3.3188757015295027
1579	1603	3.504939005042679
1579	1605	2.509765872803678
1579	1658	3.5161611896440985
1579	1667	1.5762880058190352
1579	1711	3.1006933230486604
1579	1726	1.8485267658822464
1579	1760	2.3421752770447006
1579	1804	2.9260567190249263
1579	1969	2.116933870894077
1579	2042	2.1231099345122995
1579	2053	2.043577335988277
1579	2082	2.906617263716735
1579	2146	3.0653931307690754
1579	2325	3.149922965782794
1579	2356	3.50284874116699
1579	2549	2.3045484153953493
1579	2561	3.5753725692326275
1579	2574	2.5261285641625757
1579	2949	3.724395718491989
1579	3219	3.260104500877164
1579	3255	3.615083447523112
1579	3330	3.583586260685533
1579	3435	4.162966953113119
1579	3556	3.558753047731172
1579	3705	2.284961863021139
1579	3911	3.845379552727284
1579	3949	4.017022309630229
1597	50	4.531794408356322
1597	1059	4.298320661936693
1597	1393	4.296490189054087
1597	2579	4.046292482757912
1597	3361	4.193287693641056
1605	2966	3.674003189182673
1611	322	3.983886492304329
1611	1655	3.013750229498705
1647	1021	3.020595152860795
1647	2616	3.001562439707381
1671	11	4.405183133396462
1671	260	4.879130293605175
1671	461	2.876345561335438
1671	506	3.009738017337134
1671	537	3.2552434529899466
1671	674	2.6783678884278093
1671	705	1.0
1671	728	4.220814086096114
1671	923	4.906353076891792
1671	944	4.228378046018285
1671	953	4.895262533146277
1671	971	5.0
1671	1013	4.099004898436885
1671	1180	3.4403840866839936
1671	1193	4.874060260935517
1671	1203	4.881412532354686
1671	1263	4.477966963796218
1671	1293	4.36927696120739
1671	1302	4.966114682687415
1671	1305	3.616187309052938
1671	1419	3.795154290698092
1671	1711	3.4756239256005266
1671	1728	3.761682745616026
1671	1784	4.06374992429828
1671	1885	3.790856935527344
1671	1949	5.0
1671	1957	4.146427756925886
1671	2069	4.018192522864572
1671	2071	4.909576344774251
1671	2077	3.82936752179256
1671	2112	3.509336924770902
1671	2132	5.0
1671	2164	2.026348661577717
1671	2188	3.605498929721462
1671	2290	3.230295564130307
1671	2321	4.327198893722369
1671	2362	2.8303188132266115
1671	2374	3.3330464973754106
1671	2407	3.242624058762249
1671	2417	2.904494110775965
1671	2501	4.647487464704201
1671	2520	4.081749742209204
1671	2524	3.2150302036295275
1671	2573	3.1400639341875767
1671	2599	4.2929308082076805
1671	2612	3.842270137341363
1671	2627	3.805897751091882
1671	2628	3.910478932794957
1671	2639	3.428268561725848
1671	2701	2.4056416379737504
1671	2728	4.560299943277478
1671	2729	3.1253252500739728
1671	2730	3.402008672391854
1671	2738	4.404959984684273
1671	2794	3.1401965843927417
1671	2927	3.86851549834336
1671	2942	2.9481404613717848
1671	2967	4.47017822090683
1671	2970	4.1262701289198285
1671	3089	4.166003021395285
1671	3095	3.884637848785009
1671	3111	4.341612750268334
1671	3152	4.240046567581011
1671	3167	3.167250707670723
1671	3221	3.416599908152256
1671	3252	4.777876019938408
1671	3296	3.873805672009452
1671	3308	3.036309588757053
1671	3418	4.452222858371288
1671	3498	4.428671966601046
1671	3668	4.232541395489157
1671	3724	3.783359650859429
1671	3736	3.385944490850208
1671	3791	3.033073937468512
1671	3793	3.592187164863044
1671	3844	4.678269962656681
1671	3870	3.143124223458586
1671	3872	2.754204781726018
1671	3897	4.137312033485697
1717	2827	2.1003509178249
1717	3911	3.224650504073673
1733	29	3.527202480591669
1733	47	3.90528194596789
1733	72	3.785741856724555
1733	101	3.5263865274240542
1733	112	3.8674184680572297
1733	152	2.887546950096781
1733	162	4.10885739895699
1733	166	2.7204316571860376
1733	175	3.5437151268113616
1733	223	3.964166288374464
1733	306	3.8628406377877593
1733	353	3.342404000125525
1733	417	3.7235388563145686
1733	441	3.855134304844871
1733	480	3.933276747156196
1733	501	3.3770404904226807
1733	522	3.4707052479658334
1733	527	4.594071344662908
1733	589	3.702889826696285
1733	662	3.106145456852686
1733	735	3.9056049047026336
1733	745	4.019058730509435
1733	851	4.279739650306915
1733	1077	4.118636565433712
1733	1079	4.030011180330649
1733	1089	3.3650725757781106
1733	1090	3.8477108505769766
1733	1092	3.347076713378775
1733	1127	3.5930941148135043
1733	1186	3.592063449687151
1733	1196	4.300515477824309
1733	1200	4.191670951645028
1733	1206	4.374240423522799
1733	1214	4.257906585431291
1733	1215	2.9048870407670018
1733	1218	3.406485387668446
1733	1252	4.221993307242519
1733	1255	3.271690424668999
1733	1261	3.195824499870874
1733	1266	4.3567224415099695
1733	1270	3.901413182231268
1733	1274	3.471168125851998
1733	1279	4.035261480260472
1733	1285	3.935592160517371
1733	1302	4.199149404732868
1733	1320	2.9136354857907376
1733	1354	4.559932810679877
1733	1387	4.089964738690717
1733	1454	2.676467574010965
1733	1466	3.7264419617568736
1733	1483	3.53626746182878
1733	1537	4.235038663366343
1733	1673	4.188808547296166
1733	1701	3.5147365517349782
1733	1769	3.772535240926127
1733	1836	3.001997212018292
1733	1866	3.910189574104841
1733	1884	3.1998171412551524
1733	1913	3.4247013515710463
1733	1978	1.897646722040939
1733	1982	3.453232154774581
1733	1983	2.2877208312905686
1733	1985	2.303783435919553
1733	1997	4.411318656289118
1733	2072	2.5576197729806163
1733	2076	3.8129410381296376
1733	2144	3.662390823449409
1733	2159	3.8301140325742113
1733	2288	3.9428413699249383
1733	2318	3.2272884011838894
1733	2395	3.260423403911056
1733	2427	2.944909156181604
1733	2459	2.970181651999128
1733	2500	2.334792237028908
1733	2505	2.6258590709671705
1733	2594	4.156886979176057
1733	2599	4.079786582144035
1733	2600	2.899518431984285
1733	2621	3.1370923508664985
1733	2624	2.9697362270860213
1733	2716	3.9004685718404586
1733	2727	3.2122949700991827
1733	2791	3.9647609240430426
1733	2804	4.153213697471098
1733	2858	3.8014751610441375
1733	2864	2.601466613764269
1733	2952	3.8320883804660393
1733	2959	3.980903817300343
1733	2964	3.810237420189008
1733	3007	3.695319783480117
1733	3008	3.5357788953147224
1733	3044	3.808721014503489
1733	3056	3.235804057432179
1733	3075	3.8728196753089055
1733	3167	3.1447598237102787
1733	3176	3.075822287457303
1733	3203	3.7852201754355206
1733	3272	3.1361082580302906
1733	3338	4.488035122272802
1733	3363	3.814111714948052
1733	3384	4.208378067200937
1733	3408	3.66513801815993
1733	3424	3.643870804512144
1733	3476	3.30280123125958
1733	3481	3.8385634932626687
1733	3521	4.669154333022224
1733	3726	3.703767320936369
1733	3733	3.80743004606931
1733	3788	4.165862541601826
1733	3796	3.3566819497004463
1733	3855	3.194608889552696
1733	3917	3.0945016947000967
1748	590	3.5574615277207946
1748	2671	3.390101083935797
1748	3361	3.334207080110136
1776	2	2.5302846703300426
1776	50	3.3935034366720647
1776	413	1.96699714362698
1776	3190	2.1267215662109247
1776	3316	1.6321851478579428
1776	3623	2.170190690276231
1776	3710	2.090897537379418
1776	3717	1.9738884923259223
1778	539	3.5311961435830583
1778	597	3.615304789731503
1778	1799	2.482029702657966
1778	2125	2.649188970662049
1778	2692	4.1201605319012105
1778	3071	3.1923376270405304
1778	3948	3.1488060899549053
1780	442	2.294766123989442
1780	455	1.246525655285123
1780	2429	1.946285957008932
1780	2728	3.1948406478194884
1780	3098	2.267179948591216
1780	3555	2.377081424550201
1812	912	4.500786388800517
1812	1658	3.5629122687147032
1812	1733	2.4361715090336347
1812	1875	3.5561894098655222
1812	2072	2.760026843241673
1812	2831	1.904206189976109
1812	3156	3.569170609564311
1812	3535	3.2364629451325966
1812	3578	3.7165261247559616
1812	3740	3.9150232418458617
1812	3754	2.2040315576961333
1851	7	2.068389143951559
1851	65	1.6670741135884424
1851	93	1.4999964525806195
1851	154	2.9850228748419503
1851	234	2.2862257486833206
1851	275	1.7703603869006934
1851	420	1.6842881494594706
1851	447	2.204326983814946
1851	521	2.076152474807609
1851	553	3.169650984995755
1851	691	2.055936463175003
1851	1059	3.1380648925150454
1851	1265	3.302611216761155
1851	1275	3.2870767607453724
1851	1393	2.774676574218714
1851	1639	3.028374352702536
1851	1769	2.8298333768558583
1851	2240	2.7740491860883005
1851	2473	1.783350879423273
1851	2706	2.6608668733567464
1851	2816	1.7546199503697082
1851	3101	2.5043639309988484
1851	3328	3.232117986470945
1851	3359	3.412400769610896
1851	3510	2.771100231427676
1851	3862	2.3072148227448066
1851	3949	3.3936175195564413
1897	154	3.75332387344392
1897	615	3.666414940697232
1897	750	4.617203909599319
1897	902	3.7582170788103406
1897	914	3.815888989494765
1897	1035	4.092200550696998
1897	1084	4.146786026945467
1897	1125	3.95390403916234
1897	1204	4.299727275107792
1897	1207	4.581008663787896
1897	1219	4.021391955513689
1897	1247	3.965054473985607
1897	1262	4.392548041065539
1897	1263	4.231188574809128
1897	1267	4.442629222313377
1897	1276	3.891739873356158
1897	1304	4.121742691500609
1897	1333	3.9237359476933378
1897	1380	4.341176548274891
1897	1947	4.034957150706724
1897	1948	3.775544057303808
1897	1949	3.83706523040344
1897	1952	3.904224304918661
1897	2132	4.108710456367543
1897	2160	3.794259201312366
1897	2285	3.970042349234777
1897	2300	4.208909350434695
1897	2732	3.885914982787402
1897	2788	4.054939406343262
1897	2863	4.169910493518385
1897	2870	3.715528437480765
1897	2946	4.259782981524077
1897	2951	4.458592722090192
1897	2969	3.610031746122363
1897	3011	3.5853917144437
1897	3028	3.6528048231472345
1897	3037	3.8327462781392874
1897	3075	3.688210545590504
1897	3135	3.5003301353113248
1897	3168	3.8692715367714734
1897	3194	2.902478166606948
1897	3201	4.714874226182678
1897	3296	3.655719267546641
1897	3330	3.366389857604762
1897	3350	3.9675870924692687
1897	3396	3.8598653112904007
1897	3451	4.233256122695492
1897	3467	4.338806598216857
1897	3468	4.17869313964994
1897	3469	3.873935995545195
1897	3470	4.318320599602735
1897	3504	4.410220379936547
1897	3546	3.5950867207295767
1897	3612	4.529738648372715
1897	3668	3.214619667079549
1897	3671	4.119559908079853
1897	3735	2.9552773812539987
1897	3738	2.690256503289645
1897	3873	3.2758419284240383
1912	10	2.2851403095764358
1912	14	2.499541349642867
1912	175	2.915714009496136
1912	199	3.386445397042468
1912	231	2.27695884278545
1912	233	2.138960909510891
1912	235	2.2359176015509625
1912	259	1.9736582672957268
1912	272	2.478461275313274
1912	273	1.804450452392777
1912	280	2.5743034906330657
1912	358	2.2177235574976333
1912	412	2.4536843700778883
1912	425	1.7740831754017208
1912	448	2.612653718594011
1912	474	2.648218510240405
1912	589	2.37684442092387
1912	597	2.543733283650529
1912	668	2.787806106804555
1912	707	1.6588876027587085
1912	805	2.3700642618930035
1912	902	2.570532368856752
1912	935	3.2261234862881776
1912	946	2.6362032100306214
1912	968	2.3265228199620687
1912	969	2.6998342312441994
1912	976	2.247953999756797
1912	1077	2.7932791602703384
1912	1078	2.6294467177507537
1912	1091	1.957669239985184
1912	1104	2.7795835738318417
1912	1147	2.405776953945292
1912	1222	2.692622218086824
1912	1225	3.0013746009231514
1912	1237	2.2084174752608337
1912	1244	2.5853392905421027
1912	1245	2.610552843454228
1912	1248	2.603769248586413
1912	1256	3.0095288255250354
1912	1282	2.5721673078451444
1912	1302	2.7467544068257177
1912	1378	2.1230786151794128
1912	1379	1.9468316110478268
1912	1391	2.368124323642008
1912	1396	2.070018465039685
1912	1399	2.047283119962103
1912	1438	2.0382131499601788
1912	1439	2.474245183758605
1912	1625	2.126420477248512
1912	1682	2.726775309525043
1912	1711	1.86010296947818
1912	1722	2.169072825021257
1912	1733	1.4289780037561757
1912	1747	2.30679642678873
1912	1876	1.906035855899229
1912	1930	2.456077208490909
1912	1934	2.303959947136339
1912	1942	2.442017917345432
1912	1954	2.3432913998545204
1912	1955	2.7077054163470127
1912	2009	2.17321751969521
1912	2034	1.8437601388903613
1912	2122	1.0
1912	2130	2.095734236376463
1912	2145	1.9243801356419237
1912	2165	2.0849006288561807
1912	2178	2.4541521326484603
1912	2187	2.02145899631798
1912	2203	2.61805431674657
1912	2204	2.656529854638266
1912	2207	1.9652125071223048
1912	2210	2.342174808552953
1912	2290	1.7857532282688997
1912	2329	2.642479417514352
1912	2335	1.72893641396468
1912	2351	2.454809229076247
1912	2439	1.859662108135765
1912	2524	2.3787655526422324
1912	2526	2.0167976407754336
1912	2529	2.565456230947861
1912	2553	2.259572887001681
1912	2561	2.187625244276134
1912	2612	2.7749363151544104
1912	2641	2.2158259201809503
1912	2644	2.3176845191970488
1912	2648	3.0048317801108086
1912	2726	2.359303018445904
1912	2732	2.8854427311318536
1912	2745	1.973432481876956
1912	2852	2.128208631754407
1912	2861	1.7949884008379169
1912	2871	2.69347689916496
1912	2908	2.694995632130437
1912	2935	2.4846076403045507
1912	2936	2.5912915940826973
1912	2937	2.3130709473824704
1912	2982	1.3505624472958302
1912	2985	2.447207555567396
1912	2988	1.8976950286817624
1912	2990	2.000191062785176
1912	3024	1.4752053027078578
1912	3082	2.324385293216201
1912	3089	3.223341784147304
1912	3091	2.210048955512703
1912	3095	2.903034809213937
1912	3111	2.810018149045807
1912	3152	2.6287981519949786
1912	3174	2.3773746099324926
1912	3272	2.123865404768574
1912	3447	2.2599378597157846
1912	3467	2.937728926907681
1912	3503	1.8860457041537184
1912	3623	2.161826931173291
1912	3634	2.589517827104214
1912	3681	2.0611493677081234
1912	3682	2.2517126637619973
1912	3684	2.4791704195077875
1912	3742	2.523765901831239
1912	3755	2.2948733038849967
1912	3788	3.352155037331302
1912	3791	2.280957482208536
1912	3809	2.2688098064318867
1912	3812	2.2867104400309883
1912	3813	1.976074297431648
1912	3873	2.642259003328238
1912	3929	2.710571467952474
1941	21	2.4862205713197745
1941	43	2.3928227948756278
1941	86	1.7015723942675884
1941	132	1.1597372177066874
1941	277	1.9534919034468916
1941	348	3.10307586028182
1941	429	1.301084222072837
1941	473	1.8370884816711996
1941	489	2.468709856585232
1941	799	2.9789451134510165
1941	929	3.174178229334547
1941	1046	3.921121385910574
1941	1343	2.955158646586065
1941	1480	2.7683414095927548
1941	1835	2.800437100228701
1941	2093	2.323187719796113
1941	2113	1.0
1941	2240	2.5460871698578837
1941	2387	1.5099772977509514
1941	2546	2.060777990888841
1941	2589	2.127441046969405
1941	2607	3.1018902341619192
1941	2676	3.242930446161796
1941	2706	2.6299662457805155
1941	2759	2.7179526343932268
1941	2770	2.350628098440924
1941	2790	1.7702368010437544
1941	2818	2.268531359694956
1941	2858	3.34143466730049
1941	2881	2.201768686037549
1941	3004	2.0127412754881737
1941	3082	2.3522329026683826
1941	3115	3.417166455432357
1941	3203	3.3854767380028346
1941	3270	2.564543776309461
1941	3301	2.7309164577191742
1941	3317	3.6440115913146536
1941	3325	1.9106080061928212
1941	3399	2.816041560145906
1941	3483	1.9387379056750085
1941	3521	4.07872043007638
1941	3535	3.243471641377091
1941	3543	2.991966062445555
1941	3555	2.877807869048308
1941	3564	1.767166956735929
1941	3593	1.1151029416956626
1941	3627	2.885641280838077
1941	3646	1.310352362009509
1941	3658	3.2979048216641544
1941	3752	2.3367734513944143
1941	3755	3.176302150181569
1941	3796	2.943323581146
1941	3830	1.786540528306096
1941	3882	2.9871194445008253
1941	3948	2.665441489443856
1941	3952	3.16154445505881
1943	196	2.720360984845592
1943	206	4.6020780506314445
1943	1562	2.0799605623615025
1943	2111	3.672022401073716
1943	2593	3.703844159865647
1943	2640	3.735502162160712
1943	3101	3.5579424963813056
1943	3268	1.7197130040320625
1943	3327	4.556158837429861
1954	1046	1.6993764218839438
1954	3548	3.8819451302076606
1954	3785	2.7802444374347943
1954	3851	3.017220163731179
1954	3903	3.990755870179538
1958	62	3.65500376863383
1958	208	2.9138506222550182
1958	544	1.909557141481945
1958	1686	2.4408939206980484
1958	1703	2.7297276819340044
1958	2312	3.2092015309419173
1958	2572	2.973558200981346
1958	2587	2.193474145064339
1958	3784	2.903846423809549
1958	3825	2.284857732934211
1958	3882	3.2754484069173944
1969	877	3.5650507335148087
1969	3113	3.238511339643144
1969	3896	3.5874861779982066
1978	593	4.339755556089659
1980	101	4.068872636465004
1980	190	3.3823759447179
1980	215	3.882073162260478
1980	456	3.645445621737553
1980	581	4.566155971011407
1980	848	3.642068436038344
1980	902	3.299382683910459
1980	909	4.380146975365033
1980	910	4.525814720808372
1980	911	3.901649105753767
1980	926	4.443824586442783
1980	952	3.3550968367659277
1980	1086	4.074411609631387
1980	1200	4.207923549944229
1980	1230	4.208362944738203
1980	1234	4.487896917997025
1980	1244	4.051668130773054
1980	1254	4.570854946898342
1980	1267	4.272392736784301
1980	1464	3.24731470240095
1980	1542	3.606474860512568
1980	1549	1.8905965043310515
1980	1644	3.0275268298503213
1980	1927	4.893551003146357
1980	1931	4.618251381881539
1980	1936	4.448610524267346
1980	1937	2.8109690439954447
1980	1938	5.0
1980	1946	3.806743154304503
1980	1956	4.174335858538451
1980	2016	2.5786967981959688
1980	2019	4.542830068099439
1980	2031	1.6275405238933949
1980	2250	2.8029612656800214
1980	2290	2.7531015933443106
1980	2504	2.206752487559874
1980	2539	3.5442525426577256
1980	2683	3.4871851734749546
1980	2775	2.0423912594758376
1980	2844	3.78761752642379
1980	3194	2.7884096745427454
1980	3593	1.625876179508124
1980	3720	3.359150213934959
1980	3730	4.179806519661512
1980	3752	2.4390207575004865
1980	3852	4.101765293733048
1980	3871	4.235006954595456
1980	3913	4.342376843722057
1982	50	5.0
1982	231	4.116169587754535
1982	379	3.913577544662119
1982	648	4.3366499522453
1982	733	4.118516174974159
1982	802	3.933228111289814
1982	852	4.457670508074405
1982	1089	4.671049705480927
1982	1396	4.592382178251085
1982	1407	4.135903314272023
1982	1438	3.757342068589528
1982	1494	1.1101691851121755
1982	1590	2.9973279728213136
1982	1835	3.4808401379953247
1982	2082	3.8266292600365968
1982	2329	5.0
1982	2500	2.8108591652917223
1982	2505	3.2001805041916094
1982	3052	4.968803485661292
1982	3160	5.0
2015	7	3.097546744162298
2015	250	2.342448663098088
2015	288	4.235131494181796
2015	383	4.516940872019457
2015	414	3.057902481154989
2015	437	2.691798465740969
2015	455	1.919926263262436
2015	468	2.8019302180199444
2015	486	2.731764395550748
2015	516	3.111536148463764
2015	529	4.642275012198511
2015	562	4.342293902634752
2015	575	2.567362511910149
2015	597	3.840019906204944
2015	720	4.502256334302091
2015	750	4.667555940002059
2015	818	4.589509720734598
2015	829	2.203022469911052
2015	830	3.027357380189394
2015	840	2.369531514353981
2015	870	1.2092865919467344
2015	899	4.197558719765307
2015	1171	3.843421575264186
2015	1199	4.602849465378808
2015	1201	2.9808210246725317
2015	1204	4.278429250563007
2015	1206	4.472957379021933
2015	1208	3.9119552671677487
2015	1213	4.597492222347209
2015	1247	4.422609900613593
2015	1311	1.0
2015	1394	4.742427830373329
2015	1441	3.683614597321337
2015	1445	1.723740101165045
2015	1544	2.990622577290547
2015	1633	4.246959727875238
2015	1679	1.0
2015	1730	4.3378925020649
2015	1826	1.0326902133687574
2015	1863	2.3557962374964005
2015	2028	4.838109608894024
2015	2093	2.223899968328779
2015	2109	4.444678700288136
2015	2143	3.2820765845685878
2015	2282	4.809208171783863
2015	2296	1.1795168991624398
2015	2355	3.529283814771334
2015	2374	3.913012989111607
2015	2396	4.400134836740964
2015	2468	1.7352577314032422
2015	2473	3.508112215752309
2015	2478	3.0843849502246745
2015	2671	3.906756158144038
2015	2709	2.208203225453775
2015	2761	4.053171290245979
2015	2799	1.6467993223483215
2015	2809	4.213689841709993
2015	2889	3.2819328916993724
2015	2890	4.60998577834597
2015	2900	2.813618825235518
2015	3052	3.7319087172882224
2015	3054	1.857028821245207
2015	3248	2.8987613057255284
2015	3263	2.5604071151976093
2015	3328	3.369934350808049
2015	3448	3.877434645756421
2015	3508	4.46638637029571
2015	3536	4.319533501007639
2015	3593	1.1809194050972631
2015	3682	3.8026783447951646
2015	3774	2.989560200131688
2015	3799	2.4218711704685862
2015	3893	3.3416361462251065
2015	3911	3.943333865695977
2015	3945	1.0
2018	916	4.320083884540567
2018	1244	3.835760956880814
2018	1285	3.624356734626644
2018	1292	4.117798592102813
2018	1938	5.0
2018	1955	4.215993741159586
2018	2247	2.7434967233391374
2018	2299	2.889090624235962
2018	2527	3.2338186084433245
2018	2819	3.7907813873901897
2018	2932	3.4704538087150345
2018	2973	3.5487333796048044
2018	3072	3.731861656149528
2018	3198	4.371278926634868
2018	3200	4.452178198246656
2018	3430	3.651975207174117
2018	3468	4.607060362065912
2018	3682	3.475655576801668
2023	1095	4.04420256002026
2023	1199	4.6326031277527
2023	1393	3.621334579091272
2023	1617	3.8457687927768367
2023	1827	3.245179698110548
2023	3852	4.196374025715055
2041	43	3.693511774276943
2041	45	4.020616939364805
2041	468	3.235491071410351
2041	590	4.0713429288409735
2041	728	3.492607777645595
2041	750	4.444884767038349
2041	1199	3.734803480234197
2041	1213	4.037199557052834
2041	1284	4.359925059456012
2041	1366	4.226647663515681
2041	1367	2.432869977814225
2041	1517	3.5315159885300877
2041	1597	2.967282885714162
2041	1732	3.7887856281935695
2041	1767	3.029005258143222
2041	1902	2.744912567905113
2041	1923	3.900778664320859
2041	2011	3.4914744433856804
2041	2059	3.0770822276855254
2041	2116	2.997507750907805
2041	2123	2.5683800100616456
2041	2208	3.844062984253091
2041	2300	4.4035359049434994
2041	2692	3.646057701788728
2041	3081	3.078847722733945
2041	3125	3.504845628948103
2041	3386	4.292406968453206
2041	3543	4.480007360533415
2041	3552	3.2040373263015414
2041	3686	3.02472115319945
2060	858	3.671181501955712
2060	1221	3.5096485707640057
2063	379	2.8969702331327407
2063	1352	1.9632398560374344
2063	3174	3.917184060245552
2063	3565	3.3598602357048617
2076	1230	4.875508637618595
2076	3814	4.697520960418689
2092	553	3.071454912578773
2105	2333	3.291168345682404
2105	2606	1.9757719508472456
2105	2889	2.8174124591321315
2105	3825	2.0121041495960386
2106	38	2.730014991091699
2106	1816	2.816384920733056
2106	3568	2.846479315405895
2114	2628	3.140517460239967
2119	3646	2.6546420733405998
2119	3717	2.861694522925231
2119	3821	3.4662447530043927
2168	725	3.041786453097996
2168	1059	4.009385780997614
2168	1234	4.820935470471393
2168	1419	3.956940158226261
2168	2142	3.643771357857599
2168	2478	2.680146122321301
2168	2616	2.771740807929961
2168	2701	2.521883017827896
2168	2706	3.779425293417765
2168	2881	2.83700444510176
2168	2959	4.753224990348248
2168	2976	3.1298426780030755
2172	70	2.6659344946008376
2172	104	2.914774972187593
2172	175	3.7551395834171055
2172	231	3.052396327491241
2172	309	3.15114983060617
2172	333	3.3102730250241152
2172	346	2.9289464485803323
2172	364	3.161226558802571
2172	372	2.184534265919315
2172	553	3.790484522760376
2172	590	3.851965136980129
2172	616	2.125825977848218
2172	766	2.927042001578396
2172	783	2.10360517699429
2172	785	3.409943234395174
2172	835	3.013527521366968
2172	852	2.5742354595004224
2172	953	4.032756306333374
2172	996	2.6879014920620445
2172	1012	3.153082155725388
2172	1022	3.649080415679324
2172	1042	2.994575437847899
2172	1073	3.162422134915774
2172	1093	2.814920672706529
2172	1099	3.2448342615269
2172	1114	3.6359940276386986
2172	1282	3.179985278214766
2172	1302	3.4215645343348
2172	1372	3.4407915834062246
2172	1377	2.467390253519234
2172	1405	2.638744218172684
2172	1457	2.817155188864162
2172	1513	2.851547724822238
2172	1701	2.8909587213642487
2172	1747	3.4427055564996967
2172	1785	3.5261472445625315
2172	1799	3.3542314260075083
2172	1923	3.928161169949841
2172	1961	3.821429394952099
2172	2000	3.2652089931781
2172	2003	3.143050035647992
2172	2048	2.820681118377652
2172	2081	3.702960058314431
2172	2114	3.445483321622225
2172	2115	3.342361055638133
2172	2124	2.9431257937432584
2172	2133	2.960026514950264
2172	2141	3.026126614532901
2172	2193	3.3553415544354244
2172	2195	2.429659907891546
2172	2282	2.835775456506719
2172	2302	3.788258432232788
2172	2337	2.632560525132076
2172	2436	3.263846207185602
2172	2470	2.587665155668536
2172	2496	3.156225538630109
2172	2541	3.04055465838287
2172	2596	3.3171969101902814
2172	2616	3.0335658403391057
2172	2706	3.1499192248145933
2172	2718	3.020540870329899
2172	2767	2.5116545459017616
2172	2770	3.1635357459511075
2172	2846	3.122601501538112
2172	2915	3.1731989950543102
2172	3107	2.654893912097287
2172	3247	2.7852444441354733
2172	3254	3.2784400934944253
2172	3270	2.467819278890081
2172	3274	2.847667720056548
2172	3526	3.0702413704039544
2172	3701	3.317012425296708
2172	3809	3.035918278512258
2172	3860	2.632377884001776
2176	3210	4.155759111614268
2188	184	3.159348286306796
2188	1051	3.2235715172855466
2195	1020	3.4616322496507497
2195	1136	5.0
2195	1167	2.549874082168709
2195	1592	2.8353023844907863
2195	2040	3.9233944811908703
2195	3000	5.0
2195	3483	2.739716029183008
2246	150	3.896766529510737
2246	293	4.041547399981849
2246	296	4.652312520444147
2246	417	3.194407269320658
2246	953	4.432928788522841
2246	1097	3.790248036903985
2246	1176	4.6007671834769175
2246	1293	3.700513277253772
2246	1704	3.835521549208309
2246	1797	3.403363487727504
2246	1949	4.349105793075138
2246	2248	4.978918408940816
2246	2918	4.161471935574917
2246	3135	3.364707307466902
2246	3811	3.948249579671522
2246	3897	3.948176834401079
2247	3317	4.251095444114747
2376	1204	4.743905434930533
2376	2745	3.71635907771612
2380	2502	3.823662372384687
2380	2881	2.9325021100951973
2395	804	2.849761720752993
2451	920	3.128064555459076
2451	1193	3.300917706141005
2451	1291	3.660648630783405
2451	2053	1.686988360530695
2451	2115	3.218761487795006
2451	2116	2.3881046004700197
2451	2273	3.350925708731794
2451	2375	2.619115782226886
2451	2406	2.897730715415582
2451	2474	3.1637869843534068
2451	2683	3.130722064285711
2451	3005	2.909737415414742
2451	3011	2.4456949160446926
2451	3654	3.686059696285066
2489	834	2.637508712470273
2489	1616	2.782689214192308
2489	2959	4.4231846826927805
2489	2966	4.311522396086345
2489	3081	4.022978384828606
2489	3146	2.943219631599321
2489	3189	3.883462644574639
2489	3481	3.6092096319083287
2489	3752	2.9944588404556645
2489	3825	2.767227020234569
2489	3893	3.2339051895667623
2544	85	2.6560951559228583
2544	194	3.8171894698104474
2544	272	3.505586571977658
2544	300	3.183086913938612
2544	590	3.071559911253371
2544	714	3.9563197424244
2544	715	4.039840414332378
2544	897	3.014610391753817
2544	943	3.2770575111108786
2544	944	3.396208723918649
2544	952	3.125554416603828
2544	1022	3.232517934427137
2544	1078	2.937158873615512
2544	1124	3.0368899017014623
2544	1210	3.57787652599008
2544	1233	3.6609355214191233
2544	1271	3.259609159952074
2544	1287	3.455363232422501
2544	1301	3.4844063911672323
2544	1354	3.8297077407936926
2544	1362	3.1283213076230845
2544	1719	4.15158586132436
2544	1834	2.7241513110543347
2544	1850	1.9266085928064989
2544	1858	3.339842769565636
2544	1896	2.9627208459083945
2544	1914	3.3058804451758594
2544	1954	3.715844562713788
2544	1955	3.8920301494005134
2544	1962	4.1652233876033735
2544	2065	3.219942352063611
2544	2067	3.582092330188597
2544	2068	3.7523166022081007
2544	2077	3.205145522583621
2544	2081	3.792120986101427
2544	2100	2.9229782838266454
2544	2150	3.6862369304899736
2544	2529	3.465652801456645
2544	2611	4.669873206499772
2544	2644	2.977554408334122
2544	2687	2.9299477183731177
2544	2739	4.09565700698739
2544	2797	3.715768447525619
2544	2852	3.1457680262833736
2544	2866	3.0506136216981004
2544	2919	3.5224512268949693
2544	2921	3.228369423146039
2544	2949	3.676420697519055
2544	2971	3.558802355842566
2544	3071	3.582595773410805
2544	3074	3.016704741183285
2544	3094	3.13669803578044
2544	3147	3.2444395318371946
2544	3148	3.420466807278975
2544	3175	3.588755811393349
2544	3213	3.0533960994406915
2544	3296	3.2032433317270352
2544	3330	3.602030346145228
2544	3418	3.117039597877393
2544	3554	3.5460881670341613
2544	3654	3.877821387824433
2544	3699	2.8809152477741464
2544	3813	2.4866662457427164
2544	3814	3.1322695945891885
2544	3911	3.968128286582931
2544	3916	3.3578466031340244
2641	417	3.705621732372374
2641	780	3.80011897630552
2641	1127	4.296738354641508
2641	2240	2.9824575162685223
2641	2616	3.5942608009647143
2641	2794	3.5509591152466267
2641	3394	2.594872993706028
2796	595	2.7853985330594777
2796	1046	2.5912732552252704
2796	1059	2.4083513203851328
2796	1333	2.413721040446358
2796	1345	2.5685991699143647
2796	1573	2.648889281572594
2796	1690	1.565071448173214
2796	2125	2.324220164274367
2796	2137	1.926760880954341
2796	2167	3.145014020223011
2796	2311	2.5462543085907705
2796	2369	1.6408018601900405
2796	2413	2.9522385825168858
2796	2454	2.4226921403887194
2796	2791	3.607882510498025
2796	2918	3.0937259194705558
2796	3264	2.4914255393760865
2796	3342	2.530079771607507
2796	3471	3.004947213548749
2796	3751	2.497964402654122
2810	107	3.1807533979531533
2810	923	3.995164867550212
2810	1619	3.0687789860686867
2810	3052	3.4413820139394424
2810	3271	3.498429462459446
2820	866	3.328361828121684
2820	2460	2.380670228426328
2820	2976	2.849815891134828
2820	3911	4.240827195004439
2832	1484	2.966476527444628
2832	2706	2.2465657175353395
2841	82	3.497478862384894
2841	523	4.328974531874292
2841	748	3.093578158953199
2841	849	2.0996648331586347
2841	1132	3.9052099545909615
2841	1200	4.017129291983038
2841	1207	4.837330341946839
2841	1230	4.81055041027383
2841	1263	4.3123850730840285
2841	1320	2.969913089375991
2841	1373	2.7261156038367638
2841	2184	4.50148488420206
2841	2336	4.349407128188226
2841	2542	3.718005796951665
2841	2594	3.679672671354687
2841	2819	3.7026179276551874
2841	3201	4.527485345980197
2841	3949	4.138292223483217
2859	39	4.541944982318869
2859	1968	4.007051501145462
2859	3733	4.378053329209923
2878	230	4.314553609198711
2878	3114	4.138596431747217
2878	3159	3.229156512007508
2878	3948	3.973400271834943
2907	924	3.071989098697926
2907	1136	3.181886794934492
2907	1393	3.7370036492558616
2907	3317	3.3920366533684434
2907	3827	2.420684565442341
2907	3911	3.612847440098007
2918	1748	3.524217045285931
2969	196	2.894086262846039
2969	608	4.712317611364123
2969	708	3.414949075319547
2969	858	5.0
2969	1196	4.726675154646327
2969	1200	3.967969638479096
2969	1210	4.460077266482276
2969	1214	4.526693865234955
2969	1221	4.756472093453136
2969	1320	2.3931334870779857
2969	1639	4.558240275212303
2969	2023	3.2904989562556564
2969	2416	2.598555630903385
2969	3052	3.842189544810136
3017	916	4.009966867046047
3017	3616	2.3015918188630784
3017	3909	2.575848735416955
3017	3911	3.56424721688227
3038	364	4.252437168422087
3038	551	4.145850161013987
3038	610	3.700308431551383
3038	661	4.270368375324591
3038	901	4.589340787149318
3038	968	3.944267595422805
3038	1031	3.334769433467651
3038	1079	4.701235459271994
3038	1087	3.986384963192688
3038	1199	4.087125209441094
3038	1230	4.5718385429978
3038	1253	4.35173355553477
3038	1298	4.558556589083636
3038	1380	5.0
3038	1416	3.466168853282362
3038	2135	3.502532851629958
3038	2365	3.81909311833719
3038	2396	4.677678794004872
3038	2529	4.901961391787563
3038	2565	3.812208765226336
3038	2628	4.3660708463119935
3038	2657	4.22298846938064
3038	2664	3.4224647325721045
3038	2746	3.1909602513450763
3038	2877	3.23663552242684
3038	2916	4.503077917038286
3038	2985	3.6640326658989
3038	3061	4.871026958618063
3038	3826	2.8677646456733443
3038	3932	4.792654060582013
3041	1265	3.500026045825202
3041	3527	3.7248864479285695
3051	724	3.10912192275488
3051	3617	2.1180357404992574
3051	3911	3.267173599149605
3054	417	3.1789092434590174
3054	647	3.0478139470231973
3054	1059	3.6172644583996783
3054	1288	4.544753266354067
3054	1554	4.345955402525874
3054	1953	3.944320345641105
3054	3365	3.0210772206091647
3054	3743	2.3720378783584404
3054	3949	3.7443135550682367
3055	10	4.003324724903821
3055	532	3.9249799022154903
3055	597	3.2274164282763564
3055	724	2.7073400385560475
3055	735	3.9744730719626
3055	912	4.7963059977751525
3055	1028	3.7242968156667855
3055	1128	2.663134144581001
3055	1219	4.190599101053276
3055	1259	3.174616137582812
3055	1307	3.4532164876510416
3055	1327	3.488791720397345
3055	1331	1.180273686087226
3055	1333	3.883915053868332
3055	1345	3.4551597182733733
3055	1347	3.3726142518769318
3055	1380	3.4333252238720213
3055	1438	3.14588860667613
3055	1655	2.7084751248630345
3055	1876	2.7481035137566114
3055	1968	4.1596529783419705
3055	1974	2.85432957250777
3055	1982	3.544783479536817
3055	1987	2.4631292613229108
3055	2003	3.3313285887715995
3055	2338	2.3298223961599334
3055	2413	4.076465930589592
3055	2428	2.736325054814263
3055	2455	3.825217677381264
3055	2550	2.739694254649022
3055	2606	2.930930265023628
3055	2617	3.67033866516983
3055	2657	3.4565544717462697
3055	2716	3.5286739869460657
3055	2791	4.399906726567084
3055	2792	3.689288270335655
3055	2826	4.273112636273914
3055	2918	4.173920417532504
3055	3210	4.220407360348835
3055	3476	3.8676130968708047
3055	3526	3.967635494863507
3055	3527	4.144864298954806
3055	3660	2.974321656082323
3055	3709	2.4093284012312943
3080	144	3.593301876248346
3080	157	2.725408520505343
3080	166	2.6935007282497216
3080	231	3.759590647028988
3080	247	4.669305476680259
3080	290	3.213352301282742
3080	305	3.1466051172412657
3080	345	3.329829195125391
3080	356	4.416125978178933
3080	367	3.71642933333912
3080	435	2.7641874792521617
3080	440	3.6281337971228367
3080	550	3.2383741136705937
3080	708	3.423610460933228
3080	818	3.593305779492972
3080	1282	3.772738648918269
3080	1310	3.690347655282241
3080	1378	2.9816856333504806
3080	1380	4.011153913891494
3080	1457	3.858336300833449
3080	1503	2.109090265059148
3080	1639	4.36712960418442
3080	1816	3.55297598153915
3080	1855	2.963245268031776
3080	1958	3.821969945641094
3080	1968	3.8201981140559966
3080	2001	3.6216946032219743
3080	2014	4.09803200739829
3080	2054	2.9562951692393726
3080	2073	4.163193095717334
3080	2133	3.1841105855974168
3080	2134	3.626453532191238
3080	2145	2.967864550416537
3080	2155	3.412958628004981
3080	2245	3.702037294332361
3080	2247	3.696539271387103
3080	2262	3.147441437823659
3080	2329	4.101484828498313
3080	2369	3.432412125383276
3080	2387	2.7169532122213917
3080	2405	2.8304395928162496
3080	2416	2.4738788657776145
3080	2423	3.9684625148836
3080	2424	3.2490033470998387
3080	2469	2.716957351561939
3080	2501	4.144220654025222
3080	2502	3.445396354616596
3080	2759	3.4276450192239483
3080	2796	2.847022889139046
3080	3040	3.318057616043246
3080	3070	3.1533571227901898
3080	3072	3.8471323610385446
3080	3083	4.7703635966068205
3080	3087	3.879323749966997
3080	3104	4.498232510080662
3080	3235	2.770671856515397
3080	3264	3.523466603983652
3080	3386	4.629903092152615
3080	3388	3.02746849521894
3080	3422	3.7273505575163393
3080	3524	3.166086474381174
3080	3614	3.0733286518965386
3080	3617	2.653343555765559
3080	3693	1.0992485357149298
3080	3823	3.50927851609238
3080	3903	3.5559199256385403
3080	3915	3.317432526825478
3106	1639	5.0
3106	2571	5.0
3106	3317	5.0
3125	420	2.017679447117064
3125	691	3.386982508117214
3125	1395	3.111613795036265
3158	2028	4.660741860871293
3158	2116	3.09033634987188
3203	50	5.0
3203	1265	4.001225400822581
3203	1292	4.789271940513152
3203	1680	4.610413162127069
3203	1912	4.048276009614356
3203	2240	3.9651932576665847
3203	2463	3.706630995091528
3203	2762	4.474285800209118
3203	3101	3.963751348272901
3229	3746	3.535403900562554
3285	86	2.7118769860274807
3285	384	2.115808609434799
3285	1036	3.5849347162943177
3285	1911	3.6413157724558776
3285	2598	3.5256687089754366
3285	2713	3.2010014351552183
3285	2720	1.818208368992183
3285	2979	1.902932735763896
3285	3115	2.938090281710668
3285	3298	3.4282039638758746
3285	3557	2.8957939092033467
3285	3862	4.450890323494768
3312	1730	2.979000973871096
3312	3325	1.6481911196444894
3312	3483	2.3892025203790777
3312	3512	3.5572191184048925
3312	3565	2.592053754287668
3312	3751	2.922007688572916
3312	3752	1.9079854199921704
3312	3858	2.7118551977924232
3312	3882	3.2736037687296022
3312	3897	2.9694879931535896
3312	3908	2.031601999140021
3312	3912	2.9013028213016967
3312	3914	2.0988703190604814
3313	949	3.215915296950587
3313	2847	1.0
3359	1276	4.2765520792016485
3359	1284	4.07527721544671
3359	1964	3.815702749688456
3363	3623	2.341954865474907
3410	529	3.279800578727761
3410	1393	2.58033397886057
3410	1401	3.6004458179972225
3410	2671	3.1829350641802034
3410	3863	3.15660618428757
3423	1639	4.528201820466656
3423	2762	4.65404549506291
3423	3556	4.39428245610243
3423	3901	3.885434095328735
3433	541	1.8508679039857383
3433	2167	1.168719993492634
3454	7	3.507508098131914
3454	70	2.0600177723931683
3454	112	4.82107447793428
3454	145	3.650520345321184
3454	215	3.483786769734814
3454	216	2.5691919448298157
3454	252	3.593239145419245
3454	253	4.033481350172059
3454	257	2.7835817552000703
3454	265	5.0
3454	288	2.9520183810554266
3454	380	3.552176267587615
3454	440	4.2308696477210095
3454	446	4.290174445144723
3454	457	4.383787807743036
3454	491	3.2684058920548784
3454	588	3.6864347668576647
3454	628	5.0
3454	724	3.3361345671484357
3454	1006	3.8322395327836114
3454	1020	2.932168987922461
3454	1120	4.275056539033897
3454	1127	2.9786863100407324
3454	1200	4.044549740390334
3454	1210	5.0
3454	1257	3.184970267001489
3454	1268	3.985212659282032
3454	1476	3.093711899913026
3454	1485	4.71073260476567
3454	1517	4.144275642926873
3454	1598	2.437637158533449
3454	1624	3.2288660883078437
3454	1676	2.8097593109541115
3454	1688	3.551313687292679
3454	1689	2.5004024266694844
3454	1799	3.2263898202219083
3454	1866	4.249999448333592
3454	1911	3.457249989112631
3454	2000	3.704385243399206
3454	2005	3.468260242936899
3454	2011	4.311973299563913
3454	2046	3.413171383926365
3454	2100	3.7961303219218143
3454	2106	3.18533387011046
3454	2115	3.759024358118251
3454	2268	4.4338137872797
3454	2291	3.723470890044345
3454	2321	4.244216513160448
3454	2355	3.62994690946696
3454	2411	2.3656271387038856
3454	2418	2.5864739384648576
3454	2420	3.4413012405517525
3454	2421	2.5991402993065904
3454	2470	3.115841550221966
3454	2491	3.993168635569581
3454	2617	3.3705502813765627
3454	2628	4.165078984981414
3454	2683	3.789097591974471
3454	2716	3.685564012274415
3454	2913	1.9712586928762492
3454	2918	3.9673342084509367
3454	2975	3.949081887719074
3454	2987	3.6240217512055626
3454	2995	1.7435164573809352
3454	3083	4.610019201258724
3454	3120	3.9161123648639937
3454	3146	3.2538108474923666
3454	3147	4.918194677549646
3454	3173	3.635998811109204
3454	3189	4.166001624771552
3454	3241	2.833245813665611
3454	3246	4.6330453593481336
3454	3255	3.7103075967423753
3454	3263	3.2234479872060025
3454	3266	3.9769113879512874
3454	3267	3.8829208461316527
3454	3301	3.79838959331528
3454	3408	3.7207142477793007
3454	3424	4.006645587554169
3454	3452	3.5495558574890484
3454	3483	3.518939174003362
3454	3534	3.597593433652488
3454	3566	4.373391916570296
3454	3751	3.835749882317749
3454	3752	3.367735673237103
3454	3753	3.810056192972253
3454	3793	3.818701145439596
3454	3798	3.3315433533437613
3454	3826	2.8453325595090133
3454	3909	2.4665947078935333
3454	3946	2.061346153457244
3454	3948	3.704564330318766
3462	256	2.34677708496878
3462	1185	3.386801767890657
3462	2064	3.910544825929125
3462	2750	2.151469472748843
3462	3361	2.869558618173384
3471	93	1.402026377221121
3471	420	2.307446094368135
3471	1769	3.524221074788409
3471	2772	2.7809271916947167
3471	2794	2.4277784219036094
3471	3052	3.424537315753058
3471	3394	2.127922287804452
3475	3	2.683955250058168
3475	7	2.0208366807997558
3475	18	3.1191642323754163
3475	99	2.3616079584460103
3475	111	3.997333715743097
3475	147	3.3830635170201453
3475	150	3.492384298553806
3475	153	2.707562885077188
3475	158	2.343607666091521
3475	185	2.225066184813449
3475	207	1.6212575984931878
3475	223	3.136948622548656
3475	230	3.3347693461642574
3475	231	2.745100992240808
3475	236	2.754401974743759
3475	271	2.462012587044725
3475	287	2.5746845331968444
3475	306	2.987506962263595
3475	352	2.6680050710182988
3475	364	3.39823995809727
3475	377	3.4973891824023973
3475	380	2.9964824070571168
3475	417	3.2877867154032447
3475	457	3.427285863719326
3475	480	2.900687150649331
3475	532	3.761996838880482
3475	543	2.389580127504938
3475	553	2.8694732226116244
3475	586	2.6855938627811407
3475	587	2.6624782099414617
3475	588	2.9657682659635216
3475	592	2.914345224951448
3475	594	3.4931848890556725
3475	595	3.2217824855831
3475	596	3.1601700598064357
3475	597	3.004338834181364
3475	605	2.6804316545750075
3475	708	2.0071869009500243
3475	736	2.688654115243514
3475	786	2.280119332182857
3475	830	2.2474846170355263
3475	880	1.3572540663893298
3475	885	1.4699361893425236
3475	892	1.6428347354205095
3475	900	3.3666898141288244
3475	903	3.585629510201951
3475	904	3.8505574558198834
3475	912	3.3048670092810344
3475	913	3.722463968539863
3475	920	2.9520918566932224
3475	931	3.3364269589439832
3475	934	3.068826369364694
3475	957	1.5694145753450894
3475	994	3.1354791998471807
3475	1012	2.701392718095748
3475	1022	3.310109843253692
3475	1028	3.0687562954809167
3475	1035	3.164148826427453
3475	1041	3.610251632710416
3475	1079	3.6485991997291896
3475	1100	1.7701047063992723
3475	1101	2.633691717214884
3475	1125	3.0845426044706983
3475	1135	2.033801923640232
3475	1172	3.0379575721678767
3475	1198	3.161288934305952
3475	1203	3.210747963411906
3475	1206	3.1872733031270344
3475	1210	3.715513709665685
3475	1225	3.529822365317437
3475	1233	3.431342611699395
3475	1243	3.384060199715681
3475	1244	3.2968654825366994
3475	1250	3.337901495343823
3475	1252	3.357471694515368
3475	1258	3.323156250044382
3475	1263	3.4813753594544687
3475	1266	3.6390095518547207
3475	1270	3.371858506975709
3475	1276	3.5331300487237494
3475	1278	3.094994758834206
3475	1288	3.336140921630526
3475	1291	3.336915590009912
3475	1347	3.099483503092008
3475	1354	3.682236742747459
3475	1370	2.9625577201687823
3475	1377	2.5807648917146597
3475	1378	2.359169602919065
3475	1395	2.088978068900867
3475	1413	3.029499633162848
3475	1466	3.3404433361434416
3475	1517	2.6996029990686905
3475	1544	2.075112530216416
3475	1586	3.053385793919314
3475	1589	2.6072008895784413
3475	1608	2.4696173731425866
3475	1619	3.0387131198127664
3475	1663	2.677580243556714
3475	1666	2.807264154494312
3475	1674	2.6381315485952617
3475	1682	3.517968869174943
3475	1719	3.2981441108254064
3475	1721	3.2319184692289253
3475	1729	3.4175407721304607
3475	1747	3.4457298554240405
3475	1784	3.152925168516392
3475	1805	2.609773012971063
3475	1876	2.47978919790433
3475	1895	2.4553446026577017
3475	1902	2.1776550813387154
3475	1966	3.5063191946185706
3475	1974	2.2922215374563963
3475	1982	3.904569741277536
3475	2000	2.6511751618345154
3475	2001	2.6415503076580373
3475	2002	2.191839112626861
3475	2011	2.457626313098669
3475	2018	3.1604834842376515
3475	2019	3.066724694896804
3475	2023	2.840155532989473
3475	2073	3.6428480670636656
3475	2076	3.2233077314212903
3475	2078	2.965088980443855
3475	2080	2.7335102967460387
3475	2081	3.1953990545068334
3475	2087	2.6860550183688128
3475	2096	2.62799927039949
3475	2115	2.9366962793724984
3475	2125	2.6069844078914173
3475	2126	2.292645504334291
3475	2132	4.098202273287586
3475	2141	3.1860017363224573
3475	2144	2.9709823062583407
3475	2145	2.405007721157627
3475	2186	3.992590201652016
3475	2194	3.397447598312492
3475	2206	3.0032742672107604
3475	2212	2.2041741474133785
3475	2247	2.4690033197984507
3475	2263	2.362223764185132
3475	2273	2.814337356609349
3475	2278	3.2250194824533622
3475	2291	3.255356702901749
3475	2297	3.3557781767486583
3475	2353	2.911332593128088
3475	2371	2.326224885830916
3475	2389	1.8748670214019212
3475	2396	3.5893282184514645
3475	2402	2.2458686440835582
3475	2403	2.5805567794673974
3475	2404	1.4018449940102546
3475	2407	2.415990274205156
3475	2409	1.9255971419235869
3475	2420	3.233601602420281
3475	2421	2.359520868269087
3475	2427	2.38610036689594
3475	2432	2.233837687911237
3475	2470	2.371004587866078
3475	2567	1.8471086292329333
3475	2640	2.6356083343995307
3475	2641	2.738133830565536
3475	2664	2.2918649181749933
3475	2686	3.392920805505037
3475	2693	2.698737867876255
3475	2694	2.5495116978531263
3475	2706	3.341862175888787
3475	2710	1.9742840580197043
3475	2747	2.2693100707546887
3475	2750	2.37604107260156
3475	2761	3.447780174839697
3475	2764	3.587011525381375
3475	2791	3.461771237460006
3475	2794	2.5988018120029546
3475	2804	3.143718198286916
3475	2805	2.496134109438339
3475	2852	2.241694360667947
3475	2899	1.7136115040179338
3475	2908	3.863214343469535
3475	2916	2.852593581205446
3475	2944	2.766119319871919
3475	2947	2.6812094577435928
3475	2966	3.4488092266096477
3475	2968	3.134784087947008
3475	3016	2.5270164215649094
3475	3020	2.7272886514350314
3475	3039	2.724090490363473
3475	3052	3.666307389026285
3475	3071	2.639802402239064
3475	3072	3.4055077313009465
3475	3095	3.412722248974475
3475	3108	2.933496047981835
3475	3147	3.4346004820911324
3475	3157	1.8475418119155576
3475	3160	3.962008818755871
3475	3168	3.2886754234082147
3475	3196	3.3262290372654286
3475	3201	3.398589495259867
3475	3213	3.518126212944871
3475	3253	3.01384641737589
3475	3261	2.8447187465695647
3475	3267	3.486568214228159
3475	3274	2.808834152344215
3475	3285	1.814168877196419
3475	3359	3.4255308488113223
3475	3386	3.680172147783723
3475	3394	2.1285032341906933
3475	3398	2.8971999478852304
3475	3418	3.218183948409762
3475	3421	3.4156582805246782
3475	3461	3.486852339041408
3475	3535	2.5274517549974758
3475	3552	3.3441032231047405
3475	3633	2.563325405128685
3475	3635	3.2315509220671808
3475	3638	2.117860582564389
3475	3693	1.0
3475	3703	3.247334829912035
3475	3704	2.492963281688243
3475	3720	3.265809953122269
3475	3783	3.641532311244284
3475	3913	3.0894717978372626
3512	1204	3.9340088344138526
3512	3114	3.911386751092072
3518	1041	3.91752368661069
3518	1732	4.192232898618403
3518	3565	3.066025049837694
3518	3949	3.783872759459936
3519	1136	3.3704056834511955
3519	1498	2.032227102252055
3519	2875	3.48807097677237
3519	3565	3.066664397373565
3519	3809	2.7673985176759355
3550	2706	3.453930438640513
3550	3949	3.707323281120341
3562	319	3.9689934220457066
3590	2329	3.665613574717821
3590	3317	3.297925887838406
3590	3481	4.345901409492825
3590	3893	3.803851798332061
3590	3897	4.010613706896356
3626	908	3.750104333620254
3626	912	3.0907983094553746
3626	923	4.11965960048606
3626	1079	3.1456479498776018
3626	1204	3.5980490155600195
3626	1206	3.0821910587578336
3626	1266	3.409674335106652
3626	2019	3.6352585191918982
3626	2922	3.251719164979386
3626	3949	3.928736202482424
3652	1197	3.4109302218548363
3652	1274	3.5643316949211177
3652	1527	3.426526827987432
3652	2167	2.933057138113188
3652	2195	2.086429908330536
3652	2301	2.4604431807018816
3652	2681	1.0
3652	2723	3.061361045790326
3652	3864	1.9636213699045244
3691	2025	2.714696480686223
3691	3557	2.830000621667524
3691	3565	2.8731426963530944
3693	41	3.830160776786197
3693	382	2.6719056005951938
3693	852	2.8420707538663006
3693	910	4.3110159786781335
3693	1635	3.101799875826943
3693	2294	3.1193890680067784
3693	2437	4.352696735397024
3693	2473	2.159684121165613
3693	2541	3.592078286087391
3693	2561	2.981433348513627
3693	2572	3.2720125146186896
3693	2702	2.384448512157788
3693	2952	3.7811663081319247
3693	3032	3.5520735280208062
3693	3701	3.3604928154360496
3693	3723	3.545120378217803
3717	1449	3.641597764181968
3717	3911	3.141309561015217
3746	3	3.298282081559465
3746	11	4.056293788067758
3746	442	2.966939074483168
3746	480	4.373823589269986
3746	587	3.984508927153599
3746	1136	4.725047317415788
3746	1200	4.910857557038011
3746	1206	4.913438556582381
3746	1270	3.6583150590191735
3746	1339	3.3115552657987237
3746	1408	3.782669920972884
3746	1476	3.0383427163775965
3746	1580	4.079645798400332
3746	2146	3.0912448105834307
3746	2420	2.6841756223112165
3746	2569	2.3460578661075533
3746	2716	4.319553520588635
3746	2858	3.711188629598157
3746	2916	3.062265013446607
3746	3081	3.553524754448839
3746	3120	3.634995548674493
3746	3147	3.591176099162288
3746	3155	4.234886218955968
3746	3175	3.9487972122094126
3746	3208	2.512236098764071
3746	3578	3.7815022840064274
3746	3623	2.65408066449146
3746	3751	3.8148319455752793
3746	3755	2.323554073268675
3746	3786	2.93665680335082
3746	3793	3.50151149787142
3746	3798	3.170868573921977
3824	541	3.2247891985215498
3824	1051	3.044418487248773
3824	1918	2.4457186014412717
3824	2167	2.4819021624831645
3824	2275	1.4334540457097271
3824	2616	2.526334706075527
3824	2686	3.3847724061098186
3824	2912	2.9740650986144623
3824	2986	2.242144113682622
3824	3247	2.227292522471753
3824	3571	2.896054393659684
3824	3852	3.0020893043774906
3842	36	4.5419423101352665
3842	232	5.0
3842	594	4.592719875843124
3842	920	4.258247483402997
3842	953	5.0
3842	954	4.971098456635834
3842	971	4.8414589828081445
3842	1077	4.888090996950909
3842	1090	4.5953941951607655
3842	1097	4.611938511050173
3842	1183	4.005976029489536
3842	1196	4.925252204784405
3842	1250	5.0
3842	1276	4.500879004412941
3842	1282	4.555080166126127
3842	1954	4.584258947690582
3842	1964	4.148396936715658
3842	2102	4.57101672360315
3842	2212	3.7760742991754346
3842	2285	4.417690200870509
3842	2291	3.919231884047482
3842	2565	4.328793033649312
3842	2662	4.461716150298745
3842	2764	4.348891083967215
3842	3142	3.748547460466263
3842	3148	4.479847927656595
3842	3296	4.385803411510989
3842	3330	3.6851130472618414
3842	3435	4.384164428410769
3842	3451	4.51204509374133
3842	3504	4.848690689737846
3842	3507	4.4490268731778775
3842	3551	4.559922174718836
3842	3703	4.5953304323329
3842	3813	3.235365488463772
3842	3929	3.863622269924815
3842	3932	4.434840284629344
3940	2959	4.626399064335046
3940	3951	2.883462665052485
3963	36	3.6008245038307205
3963	48	3.532050763459557
3963	60	3.3751723103263718
3963	107	3.321483582728032
3963	208	2.2641325437664817
3963	272	3.9670395305473622
3963	296	4.001873377566552
3963	339	4.272961757547683
3963	364	4.430435890116712
3963	380	3.308822458212472
3963	434	2.928567984645593
3963	480	2.8681569532321305
3963	588	3.677523948858017
3963	589	3.405208544254256
3963	590	4.23039532620333
3963	592	3.5431036489928505
3963	595	3.714236932070653
3963	648	2.927916265606151
3963	653	2.8088458722576424
3963	673	2.138080017719598
3963	736	2.354214334981555
3963	952	2.6648888149061483
3963	1009	3.005159063520109
3963	1017	3.404547213405932
3963	1019	4.189042842616415
3963	1022	3.862162535871638
3963	1023	3.872629733698801
3963	1024	3.8333318268654666
3963	1025	4.12949587306422
3963	1029	3.794021901229723
3963	1031	3.160448415564923
3963	1032	2.9508475245668064
3963	1036	3.84609850259982
3963	1094	3.669680650054007
3963	1124	4.845277440719101
3963	1127	4.325409385872323
3963	1132	4.79882254173484
3963	1208	3.877405649071617
3963	1222	4.586708948816267
3963	1272	4.283450806858391
3963	1282	4.282580045156914
3963	1287	4.711913720458776
3963	1291	4.326212459118263
3963	1302	4.00383677824963
3963	1374	3.801992879603135
3963	1375	3.355179109710108
3963	1580	3.602537930058684
3963	1584	3.7255994983598937
3963	1610	3.60967845949752
3963	1693	3.370806039304147
3963	1702	2.6546384744968203
3963	1730	4.15582590003504
3963	1907	4.293027933821408
3963	1923	3.2183054677415317
3963	1954	4.211280322287464
3963	1955	3.639272627330848
3963	2005	2.913271195618936
3963	2006	3.753257538799809
3963	2015	3.723463317343508
3963	2017	2.1017193970058896
3963	2021	3.817695917851795
3963	2046	4.076944848768149
3963	2054	3.123094662725982
3963	2078	3.655784064670819
3963	2081	3.5821819625415383
3963	2085	3.7828592111974095
3963	2086	3.214900608740898
3963	2090	3.506775244091779
3963	2094	2.881575287432096
3963	2096	3.292345399592941
3963	2099	4.13199048431073
3963	2105	3.4086837317110974
3963	2106	3.42803602829943
3963	2115	3.387636050630567
3963	2130	2.6391039027103504
3963	2133	2.507701948966412
3963	2139	4.521527448625725
3963	2236	3.6010837007269223
3963	2313	4.267712273416918
3963	2353	3.525840723586108
3963	2355	4.744094580349597
3963	2370	2.80499927663998
3963	2391	3.7652891003945705
3963	2406	3.4304943650218127
3963	2430	3.158332775462989
3963	2470	2.8447287750123733
3963	2528	3.498731625680452
3963	2617	4.141128725100158
3963	2640	3.3474282311955665
3963	2641	3.477769752012586
3963	2662	4.149748641193479
3963	2664	2.8507426955739232
3963	2699	2.641162251428588
3963	2739	4.603140068707474
3963	2822	2.945756048290804
3963	2857	3.3335845536548936
3963	2871	3.917689757354697
3963	2916	3.5075197354021745
3963	2944	3.439011053416896
3963	2948	3.4507753651973863
3963	2949	3.48289528875985
3963	2987	4.194198711405478
3963	3036	2.8059501633865622
3963	3062	3.5384396309898283
3963	3100	3.715999970933793
3963	3152	4.236742206819423
3963	3153	3.235164527124318
3963	3168	4.515979330566193
3963	3246	4.582999521621655
3963	3405	3.911489940222112
3963	3412	3.304859918296372
3963	3418	3.483448299063605
3963	3471	4.180036295295827
3963	3489	3.0992962429126907
3963	3494	3.5906212379930724
3963	3654	3.8569079031817344
3963	3737	2.810466870907276
3963	3754	2.3163129641247826
3963	3926	3.6311902544564343
3963	3927	3.187860903038476
3982	11	3.0988001067057
3982	848	3.324563737133965
3982	913	4.169884499396958
3982	919	4.107880163204461
3982	920	3.326528776954491
3982	1204	3.529272931769457
3982	1307	3.722374265333592
3982	1959	3.056792141096928
3982	2013	3.3343958586436933
3982	2686	3.72617644315025
3982	2763	3.2956908258794755
3982	2858	3.737877043473704
3982	3285	2.6882162693158853
3982	3578	3.557583702099288
3995	344	2.6730158079604216
3995	1246	3.418059052569344
3995	2000	3.7344142759089936
3995	2336	4.676955057310095
3995	3948	4.377440239473224
4042	741	3.5466339438795345
4085	350	2.899933166996715
4085	420	2.3668189175718752
4085	678	4.089074409399983
4085	725	2.8791943528026813
4085	748	2.8849026854747337
4085	968	3.994280829436729
4085	2087	3.296570435373317
4085	2240	2.6866233127411654
4085	2774	3.0802956086270177
4085	3786	2.68593786236484
4089	185	3.164730627739797
4089	420	2.371863417120383
4089	678	4.034491420480628
4089	1275	3.819733359381959
4089	1769	3.74996588416724
4089	2240	2.600964044235612
4126	45	3.178113247880766
4126	141	3.775861601897781
4126	173	2.1174446539634406
4126	291	1.5472311300125758
4126	558	2.445805987026949
4126	840	2.438037773914514
4126	1371	2.971016802501027
4126	1391	3.653203206877585
4126	1407	3.121337176242389
4126	1717	2.6506669093756656
4126	1917	2.5688344777805274
4126	2020	4.243498058662488
4126	2162	1.3266073907699305
4126	2458	2.8680958539153405
4126	2502	3.341654455083199
4126	2686	3.913406733178317
4126	2688	3.3073493945474137
4126	2746	3.0305705886048746
4126	2804	3.794060954433484
4126	3101	3.362413569661199
4126	3157	3.36683330991792
4126	3256	3.4113858889709903
4126	3271	4.141733799433859
4126	3273	2.6456604803652173
4126	3438	3.397568319373238
4126	3440	1.4300264864235608
4126	3624	3.23433583178391
4169	824	3.286325768615678
4169	1018	2.937919782393334
4169	1749	3.0660569772512867
4169	1909	3.0572820894149846
4169	2273	3.353134584390625
4169	2826	3.047577348556623
4169	3117	2.4488262354720867
4169	3537	2.9907355868278307
4169	3756	3.590027695879447
4169	3884	2.704646752696953
4169	3916	3.854828124295442
4169	3946	2.291012068794204
4258	785	4.180404977776044
4277	93	2.1509431598315096
4277	420	2.605645118457489
4277	1025	4.2760262118395165
4277	1431	1.7943176977211095
4277	1449	4.1077922775919085
4277	1762	3.628932078913196
4277	2418	3.7500921960028735
4277	2693	4.270856923619996
4277	2876	3.106468244247901
4277	2891	4.042253886663094
4277	3148	4.15331294433455
4277	3185	4.664647125819915
4277	3553	3.2901721651678124
4277	3784	3.413794589393402
4277	3882	3.6063825497436937
4277	3947	3.3169648229178064
4294	26	2.3006086425294137
4294	637	3.0391074545120103
4294	1588	2.4282163551408344
4294	2005	3.4215429445206764
4312	20	2.0948986695801994
4312	1953	3.857568870757128
4312	2412	1.147143432637706
4312	2901	3.1028552995634007
4312	3273	2.4053997804190868
4312	3328	3.9714748871733208
4312	3484	2.3056355818071013
4312	3744	2.3866197495545127
4312	3906	3.095237413874672
4384	1711	2.6423585966366976
4384	1954	3.376644380589951
4384	2409	2.311982643519418
4384	2410	2.3329834587747182
4384	2411	1.527032877412993
4384	2502	2.763417536657164
4384	2699	3.710211792050374
4384	2978	2.56002017946974
4384	3535	3.0703072633989734
4384	3566	2.39239351383501
4384	3578	2.553791359380417
4384	3617	2.059661842520881
4477	16	3.7229345778523633
4477	367	3.5671270349734376
4477	1727	3.6428404565655073
4477	1879	2.9757712500705344
4477	1883	4.451714675914324
4477	2126	2.848724309968629
4477	2402	3.409392756684369
4477	2517	3.6598273040200415
4477	3063	2.4522578987560286
4477	3566	3.4229726935931275
4477	3783	3.7894976846872512
4478	1572	3.769298122326324
4478	3897	3.716626162554749
4579	73	3.442045573286189
4579	500	3.71082399853112
4579	520	3.035357947030163
4579	922	3.727693743678039
4579	924	3.733258528957475
4579	1224	4.020662343777135
4579	1237	3.2629522137039637
4579	1246	3.3337999653701336
4579	1552	3.514513203586554
4579	1597	3.361353158493215
4579	1676	2.3933994391229083
4579	1797	3.518448265511414
4579	1968	3.460169822909552
4579	2170	1.990833029887681
4579	2502	3.691732139033262
4579	2701	2.497129146602399
4593	991	3.074363710633822
4600	356	4.010729539247299
4600	799	3.1070886838580347
4600	2313	4.471309816090808
4600	2502	3.6979890609289368
4600	3617	2.816312372163481
4600	3717	2.5773140828208376
4607	919	4.746742223028492
4607	923	4.656755252962391
4607	954	4.451384985538482
4607	955	4.141729688880578
4607	1079	4.29973708606592
4607	1080	3.879242603271131
4607	1090	4.116474707737637
4607	1136	4.40229079046055
4607	1148	4.608128030954089
4607	1172	4.038547160365343
4607	1188	3.858492951398981
4607	1193	3.9043103818260874
4607	1197	3.605697745503696
4607	1203	4.315901591150373
4607	1207	4.394324991323428
4607	1211	4.544805419063618
4607	1225	4.363048948144999
4607	1228	4.317234459306074
4607	1230	3.919528095786948
4607	1231	4.024385634566382
4607	1235	3.542767659881989
4607	1237	4.191272018924169
4607	1244	4.174787822306174
4607	1247	4.150912810705561
4607	1250	4.439794079874523
4607	1251	4.210664819590575
4607	1257	3.694196032567079
4607	1276	4.588167244122336
4607	1288	4.479435263246529
4607	1292	4.464476878914998
4607	1304	3.811264033781696
4607	1307	4.54043346216632
4607	1394	3.620948915035428
4607	1694	3.2155698901505603
4607	1965	4.491437848156749
4607	1968	3.767469120977641
4607	2020	4.311368428730605
4607	2064	4.552733660918139
4607	2110	3.6192095507870734
4607	2243	3.794436728149722
4607	2248	3.756966715566557
4607	2303	3.585363524213813
4607	2313	4.463124876166593
4607	2728	4.6550430604921385
4607	2804	4.982283673819712
4607	2859	4.020742301483368
4607	2915	3.1042046003301107
4607	3006	3.677286096624633
4607	3019	4.321415283700678
4607	3040	3.3123277122777126
4607	3088	4.699433765222794
4607	3095	4.231850620058032
4607	3361	3.9949422157443664
4607	3396	4.388795511122047
4607	3421	5.0
4607	3424	4.395080249825047
4607	3504	4.0585064198565055
4607	3521	5.0
4607	3608	4.017549999393125
4607	3683	4.0596248895802045
4607	3685	3.638306328562199
4607	3742	3.7735285158126985
4607	3836	4.246525738495805
4607	3897	4.287339931123338
4607	3911	4.8036096556878345
4607	3949	4.116134209493676
4640	1	2.5210869530244184
4640	112	2.662664879867729
4640	172	1.2110839779051366
4640	185	1.4216116465251698
4640	370	1.7662789553614433
4640	519	1.0
4640	551	2.908938987157675
4640	586	1.931676638033673
4640	587	1.9012960331454232
4640	593	3.116542147824816
4640	733	2.4444178731226613
4640	736	2.909212305564714
4640	1020	2.15929590941152
4640	1037	1.2263066934067453
4640	1265	2.217314558192957
4640	1370	1.699032706743159
4640	1556	1.0
4640	1562	1.0
4640	1580	2.4055463398098214
4640	1584	2.4982478174463765
4640	1608	2.0175153503483285
4640	1625	1.6751879753972396
4640	1653	2.9034703819609105
4640	1777	2.3751527753345387
4640	1911	2.05186898010607
4640	2012	1.3846102882057458
4640	2046	2.3606459310962724
4640	2089	1.7203440798821583
4640	2294	1.9138684892233364
4640	2335	2.016975804935272
4640	2598	2.0542667954911877
4640	2700	3.0388659901930137
4640	2701	1.0
4640	2706	3.5311733455698158
4640	2808	1.0468466753311108
4640	2822	1.0
4640	3175	1.8834125271127695
4640	3247	3.121523013366955
4640	3263	1.5515336977851952
4640	3751	2.137403648582461
4640	3753	2.6795644412753625
4640	3869	1.5074041102919096
4640	3916	1.94103658766891
4640	3948	2.1710934568137708
4647	678	4.017366842159069
4647	1670	4.032128125369896
4647	2330	3.9665521494698073
4647	2692	3.919274561308563
4647	3327	3.6391015900132864
4647	3509	4.921861133453916
4647	3794	4.603759447294225
4680	1464	2.0555645992958174
4680	2656	1.7333543940941811
4680	2706	2.5585008851560174
4763	3003	2.194727085124117
4802	1619	3.4810734656626403
4802	1732	3.914108468183456
4802	2502	3.934321552492587
4802	2943	3.311429982136851
4802	2944	4.072234957341499
4802	3911	4.462939729892554
4802	3943	3.4515936236976663
4823	363	3.511098874871935
4823	908	4.202304159545893
4823	954	3.823990843270148
4823	1228	3.648997147459844
4823	1233	3.261156402868334
4823	1248	3.8239475684856457
4823	1252	4.65269607718478
4823	1263	4.445848415411878
4823	1288	4.148820137137553
4823	1950	3.939160961854245
4823	2097	2.6916699059761244
4823	2139	3.929216010673324
4823	2140	3.864060511121681
4823	2320	3.336215660465473
4823	2333	3.858151867117879
4823	2551	2.196905946877644
4823	2728	3.797310055376964
4823	2857	3.5572762082021647
4823	3067	3.675898328343064
4823	3198	3.591520789105695
4823	3296	3.6430379778575097
4823	3471	3.7419033565299737
4823	3510	3.900550070953757
4823	3671	3.4179334407346085
4823	3801	3.3330023392753163
4823	3952	3.9662655544625656
4829	1274	4.217443335911497
4829	1301	3.890427274800039
4829	2105	3.658406703879471
4829	2664	3.403255526149126
4829	3241	2.580876252381179
4834	2293	2.834209685753044
4834	2596	3.841282614685556
4842	50	4.616087777608753
4861	1089	3.828351117876298
4861	1200	4.73346309016157
4861	1214	4.637202364908764
4861	3160	4.666759984662603
4861	3503	4.50099438792528
4867	107	3.631324286547149
4867	198	3.963976192050784
4867	316	3.432952466513937
4867	497	4.237811432062721
4867	597	4.313725645082986
4867	1243	4.270213501165399
4867	1629	3.247198603583093
4867	1848	3.36715392522166
4867	2174	4.044283510918775
4867	2356	3.0063219583968066
4867	2746	3.7946226020909535
4867	2797	4.320255390984855
4867	3471	4.49529905328146
4867	3616	3.52028216051746
4867	3743	2.5556264757159437
4867	3862	3.754643656772516
4867	3864	1.6087173854447976
4934	898	3.8565700626705617
4950	1395	4.134172040614176
5011	47	5.0
5011	307	4.780119357835282
5011	1373	3.794705047162609
5011	1393	5.0
5011	1721	3.9674323625314094
5011	2612	3.912219717375569
5011	2628	3.917097134284075
5011	2640	4.179488674619317
5011	2641	4.192760840791351
5011	2642	2.7991363153611832
5011	2643	2.3106762803033853
5011	2657	4.769801219046269
5011	3086	3.429374659866953
5011	3406	3.18862111253435
5011	3548	4.869910098968425
5011	3623	2.855045985989909
5011	3825	3.757772958038587
5011	3857	2.5898836560717724
5054	110	4.041640341346007
5054	1068	3.967048071766596
5054	2692	4.832596346498352
5054	2940	2.248082925887904
5054	2959	4.810162657254686
5054	3735	2.5054394088974865
5063	2762	3.751482201971215
5090	24	3.1794220861771767
5090	160	1.9446133668991472
5090	327	2.7057026924266223
5090	435	2.2955696973440074
5090	780	4.3587716807673855
5090	3326	2.4327213664348712
5090	3826	3.0437316842872595
5100	316	3.793285015199413
5172	232	4.179850086392936
5172	1265	3.693108980430723
5172	3361	4.173106672340333
5277	34	3.276100253129014
5277	150	2.9376046256145294
5277	441	2.962416988910236
5277	592	2.6415839069890112
5277	595	2.950471305365932
5277	1079	3.1528902012331548
5277	1084	2.899865115756477
5277	1094	2.534971487955156
5277	1208	2.814598719495164
5277	1220	2.7460342695204503
5277	1292	2.895279420676877
5277	1377	1.988746020337915
5277	2291	2.9135790279964664
5277	2313	3.151997464089987
5277	2455	2.559544521473675
5277	2599	3.0297037308996
5277	2712	2.456412892658824
5277	2770	2.7921962669681903
5277	2944	2.605124260381696
5277	3108	2.8983444622562717
5277	3552	2.7083568531804123
5277	3671	2.650192638792365
5281	231	2.680052907164283
5281	1210	3.1328065734304045
5281	2599	3.2121972822992104
5281	2842	2.478298689846297
5281	3185	3.086213884486489
5302	852	3.253700464861731
5302	1302	4.31396548240043
5302	3424	3.96861091875734
5312	595	4.490500936122356
5329	352	3.534456553276883
5329	507	4.431553901669167
5329	1339	3.877149090554784
5329	1482	3.568719776315723
5329	3071	4.321945073049552
5333	541	3.240921065987862
5333	1770	3.0081733777889594
5333	2406	3.969224031662807
5333	3178	3.4403970533659294
5333	3597	2.4511303238288416
5333	3646	2.284723222647386
5359	2628	3.908757158517237
5359	3000	4.6010593045507004
5359	3328	3.753231149657192
5359	3363	3.735070646179399
5359	3915	3.635796856238095
5387	2907	1.6724252692773325
5394	101	2.965696297418676
5394	117	3.281878263973084
5394	180	3.445889504503312
5394	596	3.34915914490342
5394	886	1.784477562128467
5394	902	3.022664211033602
5394	971	4.2845306402607655
5394	1023	3.3811619807862616
5394	1031	2.617695806748217
5394	1035	3.393186359948355
5394	1092	3.3903792419912198
5394	1212	4.164983291235345
5394	1254	3.693858772815539
5394	1291	3.750786091726552
5394	1374	3.08259209140867
5394	1385	3.7087296276896127
5394	1457	3.0509836065641447
5394	1594	2.436347046220242
5394	2018	3.07211271487049
5394	2064	3.8550209053464872
5394	2094	2.433929544899565
5394	2099	3.1502575813988583
5394	2169	1.7647134236828987
5394	2353	3.612350739525663
5394	2366	3.513648150886736
5394	2912	3.65142311803756
5394	2986	2.0369242118644912
5394	3034	2.950314733520891
5394	3052	3.312714345974967
5394	3163	3.067026423895672
5394	3435	3.480368102266037
5394	3441	2.793159493143194
5394	3671	3.693954915411149
5394	3715	2.0239704626779536
5394	3770	3.1351279634929323
5394	3919	1.986566177154907
5413	1639	5.0
5413	2395	3.841784897256167
5413	2579	4.575386605017778
5413	3745	3.3473670274902867
5450	2132	4.757553690744881
5450	2139	4.435282639028372
5458	96	1.8107290723605105
5458	110	3.820875521303575
5458	161	3.841986209427154
5458	193	3.2570905254153963
5458	260	4.24423047497891
5458	316	3.210051139746982
5458	318	3.982911228306837
5458	465	4.277180846752531
5458	540	1.8848650104612488
5458	661	3.2812848137577126
5458	678	4.148686501430036
5458	780	3.573224338605327
5458	953	4.6545765564825405
5458	1037	2.1070279634904727
5458	1088	3.6741272312660502
5458	1092	3.619943880550556
5458	1094	2.62470455070908
5458	1186	3.2512284696070006
5458	1210	4.4429896794534525
5458	1246	3.0554250325492647
5458	1290	3.318092848285106
5458	1355	2.63718171966341
5458	1408	4.439644387773875
5458	1653	3.565360802852339
5458	1676	3.2601418551440453
5458	1687	3.3138701685082586
5458	1883	2.726801073541337
5458	1912	3.787109528485664
5458	1920	2.5049216036735205
5458	1966	3.677344490738952
5458	2020	3.5310733612683185
5458	2021	3.2865082490773947
5458	2073	4.032626354597181
5458	2081	3.607192839245778
5458	2126	3.4897222940273376
5458	2145	2.841146502005245
5458	2302	3.899855154523205
5458	2321	3.431501612661439
5458	2370	2.156769932510432
5458	2394	3.206060084969629
5458	2406	3.8968593116681154
5458	2407	2.7732158285159008
5458	2420	3.203727269575676
5458	2421	2.276677355381513
5458	2445	2.0024455499550142
5458	2446	2.6214578508193176
5458	2504	2.243549845142184
5458	2561	3.79979644361702
5458	2628	3.853392498237704
5458	2671	4.226631229756067
5458	2700	3.887139320827473
5458	2791	3.866150203451836
5458	2842	2.6581097156792115
5458	3005	3.110459706399333
5458	3093	3.431849203072776
5458	3101	3.3612431786412102
5458	3148	3.482821628196063
5458	3178	3.209452839789494
5458	3249	4.072938596262036
5458	3253	3.498248831504334
5458	3257	2.714045958125538
5458	3261	3.3093647295230286
5458	3329	2.5769601737129677
5458	3388	2.752780091446594
5458	3421	3.534994045083628
5458	3448	3.670968619998213
5458	3478	3.5520702163983016
5458	3504	4.004863143408252
5458	3528	3.323565863466615
5458	3677	3.551469705718345
5458	3730	3.539936360669301
5458	3783	3.39524263169087
5458	3862	2.666964298710819
5458	3868	4.215370035714037
5458	3893	3.357385541608014
5458	3911	3.5431904876157296
5458	3916	3.802914649957059
5458	3948	3.539375435294108
5470	592	3.2321849436343384
5470	919	3.6993604254227774
5470	920	3.390305284546754
5470	924	2.855350488608874
5470	1073	2.310375935850061
5470	1084	2.920895311224584
5470	1172	2.843878615473743
5470	1178	4.092697067274343
5470	1206	3.7929238614110607
5470	1210	3.925153968038357
5470	1225	3.854440700888055
5470	1569	2.4859163124933783
5470	1617	3.0569661009725384
5470	2801	3.231755079165665
5470	3201	3.344691612767755
5470	3788	3.850883758008032
5470	3871	3.1357629069330155
5488	86	2.783559464954501
5488	141	3.3069982827605573
5488	252	3.1282370267771613
5488	1046	3.103143190665421
5488	1127	3.14502884942695
5488	1188	3.205380629974305
5488	1199	3.371511216953936
5488	1213	3.931298825583564
5488	1225	4.464836691243768
5488	1617	3.997649672191323
5488	1682	3.679357681058204
5488	2058	3.663519392195473
5488	2193	3.336455683422531
5488	2858	3.5469982129341555
5488	2908	3.564919378859094
5488	3095	3.5627410375355013
5488	3100	3.6770210179636735
5488	3176	3.344321902707116
5488	3914	2.939183180966401
5492	2504	2.324620757364305
5492	2572	3.255002160009236
5493	2769	3.415483521544791
5539	4	2.972553365133645
5539	36	3.534343120472644
5539	55	1.439142141910705
5539	218	2.754668765901465
5539	232	4.244910227329091
5539	233	2.668267071731107
5539	312	2.921548138712207
5539	803	3.315273617928771
5539	1953	4.0120373038720905
5539	1959	3.649422711311033
5539	2324	4.248910666643998
5539	2598	2.5404243564908
5539	2639	3.163433175856738
5539	2729	3.96112085877939
5539	2805	2.887407891466898
5539	2881	2.911603571364468
5539	3317	3.853030552057506
5539	3683	4.0718116047011845
5539	3826	2.6461308698686903
5539	3911	3.496574138483589
5557	1639	4.216459723646247
5580	174	3.3267608727749827
5580	415	3.168626016076508
5580	524	4.158062885398396
5580	592	4.050438940846719
5580	1376	3.876547455278924
5580	1390	3.4469156031532875
5580	1457	3.885751883862635
5580	1552	3.832862687645835
5580	1676	3.3380105603594323
5580	1777	3.9304212448644096
5580	1913	3.2580589682866545
5580	1968	4.4162812322741365
5580	2354	3.374957705362081
5580	2386	2.620730030404053
5580	2572	3.864587721838769
5580	2729	4.413539389950428
5580	2732	4.412390540252051
5580	2794	2.497540355301627
5580	2797	3.677905983635186
5580	2906	2.258730456542752
5580	3270	2.815314547522111
5580	3454	3.0258865719165806
5580	3470	4.815765693264779
5580	3489	3.823939125281061
5580	3498	4.305183434080684
5580	3536	3.844148373210978
5580	3594	3.4598386878946985
5580	3616	2.686590565311885
5580	3617	3.673987191505588
5580	3691	1.6345149904492744
5580	3743	3.4875427225787963
5580	3751	3.705262490379115
5580	3911	3.726585615735992
5621	173	2.3769957977059053
5621	1019	3.1168022811324176
5621	1388	2.484737268038464
5621	1511	2.349723622418179
5621	2011	2.70516875379443
5621	2473	1.957949261111718
5621	2581	2.088941771736346
5621	2671	3.703053781333885
5621	3256	3.297577993195764
5621	3701	2.7508090194360344
5621	3753	3.5814472996125293
5636	110	2.710356292374944
5636	1094	1.8032950972750523
5636	1355	2.151202441576273
5636	1620	2.203813248179812
5636	2073	3.7905792560752447
5636	3317	3.763423314203364
5689	1466	3.78427432312309
5689	2700	3.4753918441241725
5689	3328	3.13839362561836
5689	3950	2.385048688843093
5723	588	3.4786399967078765
5723	1031	2.9850101435816234
5723	1088	3.035198469752193
5723	1188	2.7934875670079906
5723	1218	4.5615144285346005
5723	1258	3.950226683908711
5723	1265	3.370559098217583
5723	1416	2.389862201843881
5723	1967	3.7771251072799448
5723	2094	2.456314949068319
5723	2139	3.4931668674373566
5723	2628	3.347144169231937
5723	2687	3.622533730076331
5723	3175	3.798886966813551
5723	3755	3.3692498541448823
5733	329	4.038705748549624
5733	780	4.163672753489758
5733	1527	3.3429682134512317
5733	2393	3.4229886784055514
5733	2455	3.3610008469412214
5733	2863	3.7290667442846273
5733	3698	3.5854205525104987
5733	3704	3.467985251741592
5787	50	4.982437865587696
5787	123	4.053834314649233
5787	185	3.4492991624252083
5787	521	1.9792606235183283
5787	1059	2.9722160268810867
5787	1639	4.195735007787154
5787	2101	2.34859676022079
5787	2248	3.7659606359742455
5787	2269	2.7993461228102774
5787	2437	3.804691029487288
5787	2463	3.7397025183825594
5787	3101	3.145864360588865
5787	3153	2.90143971754299
5787	3155	3.844458382329713
5787	3262	2.3838607810232184
5787	3361	3.924829773828591
5787	3492	3.0018421644993025
5787	3771	3.1855354220022303
5812	3408	2.7761155335590777
5812	3719	3.3981930673605287
5812	3901	3.0764053660564783
5812	3911	2.851009910835469
5825	1244	3.816079339356431
5825	3005	2.6677030276178244
5825	3538	2.762696991530497
5825	3911	3.7075064396858193
5831	781	2.193473922600381
5841	3948	3.179833015168809
5872	553	3.463770324788595
5872	1265	4.211059073642315
5872	2248	3.468413335037735
5948	1360	2.1471068344546347
5948	2677	4.335433759902256
5956	223	3.41664596886703
5956	551	4.101495201479555
5956	1094	2.654941557923319
5956	1198	3.842103522178843
5956	1509	2.269523696813677
5956	1620	3.1601800154436237
5956	1734	2.4575250573354044
5956	1885	2.898148723529389
5956	1897	1.5607374625424182
5956	1994	3.7630394023651874
5956	2696	4.286123291790244
5956	2706	3.323190659969874
5956	2712	3.033161820117426
5956	2774	2.974601721745378
5956	3083	3.788405361892308
5956	3181	3.2973976860934737
5996	5	4.517068571716594
5996	10	4.3825114029504615
5996	31	3.921436750826993
5996	141	3.822472469259127
5996	203	4.409678041104871
5996	368	4.54631421356412
5996	466	2.64944467432773
5996	500	4.096637664688821
5996	542	3.098863981348268
5996	552	3.837199092428647
5996	595	4.480984324507832
5996	616	3.4145644661160106
5996	719	3.2015278398499167
5996	781	2.795466204508194
5996	783	3.477604432503066
5996	786	2.9961473973700263
5996	799	4.0829208156748855
5996	899	5.0
5996	916	4.823488085169571
5996	953	4.951475270880998
5996	1020	3.5890681125171864
5996	1030	2.5752298578437345
5996	1035	4.112039289670528
5996	1079	4.477235277672956
5996	1086	5.0
5996	1091	3.896410650075117
5996	1104	5.0
5996	1136	5.0
5996	1147	4.117300714724991
5996	1201	4.703951298702271
5996	1249	4.904034983251999
5996	1258	4.621523703803449
5996	1276	4.930045838642566
5996	1297	3.8091933671917
5996	1350	4.554357151606299
5996	1378	4.259845562026021
5996	1614	4.161965850942735
5996	1665	3.4692355221534377
5996	1688	3.601431013681709
5996	1713	3.3374655360517296
5996	1777	4.143638887523721
5996	1784	4.509925146079084
5996	1923	4.671333842945964
5996	1929	4.4560943008450025
5996	2109	4.456794554704006
5996	2134	4.21822046190244
5996	2141	4.005951976238956
5996	2190	4.606521311886485
5996	2245	4.660526340883332
5996	2247	3.788606521084901
5996	2279	3.38497183873151
5996	2301	3.752877465736976
5996	2302	4.275351554434471
5996	2359	4.835433425674742
5996	2375	3.828522390605196
5996	2376	3.604271699346005
5996	2407	4.028133284879416
5996	2422	2.1373897926091936
5996	2470	4.067244289644698
5996	2471	3.2791052319806946
5996	2504	3.671040018372761
5996	2539	3.8058242886572975
5996	2565	4.619231334295713
5996	2581	4.047851821905013
5996	2599	4.5404837394698
5996	2605	3.425514638206493
5996	2616	3.265876837726714
5996	2672	3.648721181966037
5996	2687	3.700119478715554
5996	2694	4.008090626624927
5996	2701	2.857867433460881
5996	2709	2.674322918973606
5996	2748	1.9502813239082035
5996	2791	5.0
5996	2915	3.6801683421863474
5996	2918	5.0
5996	2949	4.484117997883412
5996	2989	4.747716085096054
5996	3039	5.0
5996	3068	4.741343532048711
5996	3071	4.8902738973449855
5996	3072	4.623194006721536
5996	3086	2.9077245362858424
5996	3087	4.56089888842349
5996	3097	4.761402564510899
5996	3130	3.728494002750721
5996	3145	4.469819992523899
5996	3175	4.739344788006929
5996	3197	3.099015372918726
5996	3210	4.836865632581957
5996	3247	3.9622827012339537
5996	3253	4.519971900239474
5996	3263	3.537423741598956
5996	3274	3.36918884107847
5996	3301	4.618958073696195
5996	3361	3.808529203483611
5996	3421	5.0
5996	3499	4.454692915353961
5996	3526	4.50120960739004
5996	3549	4.419142795036155
5996	3552	4.314290261361189
5996	3564	2.772638779841964
5996	3608	4.281405115084697
5996	3635	4.1855595187166985
5996	3671	4.817906470222726
5996	3672	3.9209260310508753
5996	3681	4.101671500886306
5996	3699	4.106784355913806
5996	3707	2.9883754228681343
5996	3712	3.608843391386448
5996	3715	3.636711480601624
5996	3716	3.0111953799907387
5996	3723	4.616609050375013
5996	3753	4.0074315836285885
5996	3791	3.598022258476835
5996	3809	4.258484794593924
5996	3826	2.8348040093327938
5996	3835	2.699231247358548
5996	3844	4.592295966737523
5996	3897	5.0
