user	item	prediction
19	318	4.523730228530496
19	1234	4.332040838432095
22	3527	3.7535936664700884
22	3896	2.978005692104315
22	908	4.0564781661659035
22	910	3.8911750727567416
22	1884	2.9934598358787667
22	1034	3.321132984707752
22	2376	2.936267615054728
22	2011	2.96745637321793
22	3698	3.0043519506607588
22	1097	2.962027890541851
22	2046	3.08186871251028
23	1258	3.252718728684635
23	2712	2.8239323891315067
23	2641	3.094847414747726
23	2642	1.9939124117044806
23	2643	1.606564350911774
23	2148	2.543962891158607
23	2149	1.8618168986101176
23	3525	2.821858256594527
23	3396	3.4082846144398204
23	327	2.3498153690305243
23	915	3.6471677651703995
23	1958	3.098941827704419
23	3052	3.4398223283325584
23	2259	2.4675782282721204
23	1388	2.2763382735304676
23	2409	3.046810395010009
23	2410	2.6645054302189073
23	2411	2.493573663587468
23	3740	3.3228455511515436
23	1204	3.801378586829431
23	1222	3.410749275410743
23	2973	3.6423383205658855
23	1090	3.589772976843084
23	2617	3.3267347647387835
23	2119	2.008714532838068
36	2989	4.033315493868415
36	1264	4.581768628473712
36	1198	5.020533913870738
36	2640	4.067138298073905
36	592	4.126371958350757
36	2802	3.5840571202030183
36	3104	4.427071669153519
36	260	5.03432526997446
36	1374	4.281017562637036
36	1376	4.030211088733735
36	3480	4.167690703031647
36	1954	4.5089781451315005
36	3702	4.071998274735124
36	3635	4.168039022566161
36	858	4.981356062919382
36	1608	4.065753120484511
36	2194	4.55289468693967
36	1101	4.3225306195670505
36	3576	4.223690183572378
36	1036	4.680436265738663
36	507	4.085843453532405
36	292	3.8073731712328907
36	368	3.8617753503798684
36	2273	4.081256626143968
36	2001	4.069951058861301
36	2948	4.386347421242304
36	2013	4.01256157871495
36	610	3.978986390178918
36	541	4.530284769978167
36	2529	4.265127194806345
36	1221	4.905604363694321
36	555	4.300169746740943
36	1597	3.8426286825113327
36	2105	3.742890044626804
36	3418	4.385803570815538
36	2617	3.5750308666163684
65	2987	4.425007179742232
65	1259	4.802783278435169
65	587	4.467301075944319
65	588	4.6500677110912365
65	1	5.007327689380726
65	3005	4.241965752163429
65	2133	4.029232727730065
65	592	4.294367881483968
65	2088	3.363787028946569
65	2236	4.437653684956613
65	832	4.3694437397647965
65	2421	3.531825143127488
65	2422	3.0156518490899122
65	2431	3.968241178798485
65	3175	4.577474732151851
65	2450	2.850054445582121
65	2470	4.265218573165066
65	2471	3.509354030876681
65	2712	4.1496033306876745
65	3534	3.927717160892415
65	3555	4.42371216508675
65	1958	4.37094688161186
65	2762	5.252098145855439
65	34	4.661658256442086
65	3717	3.8184627631870196
65	2858	5.062552970461717
65	524	4.490476567578897
65	454	4.445907917785518
65	2950	3.1768784716117535
65	3753	4.767285739868562
65	2028	4.988163122027574
65	1094	4.320134445533237
68	1	3.965615994371949
68	2064	3.854148730261985
68	1265	3.888102362859896
68	1270	3.9206463649355556
68	2300	3.967870851159439
68	1517	3.439141325551679
68	2324	4.228857270517922
68	2355	3.7509151699938412
68	1639	3.599238060532631
68	2396	4.071307333946379
68	1747	3.419676415412486
68	3421	3.7536107460808643
68	3507	3.833553434634095
68	223	3.976089185893509
68	1912	3.579916403543964
68	1923	3.491098360833401
68	2657	3.2417717342077745
68	3608	3.1947845483530624
68	17	3.8336959087541005
68	28	3.79916148444514
68	2690	3.465084354844122
68	2692	4.042811818664087
68	1966	3.529506466371221
68	2791	3.716305455899708
68	2797	3.64747059682777
68	1073	3.7776081916189193
68	1080	3.922887711605851
68	1307	3.886678446615625
68	562	3.6401422933679584
68	1243	3.7385975610026776
74	593	4.625730195860278
74	1419	4.070941593576548
74	3044	3.932235487216165
74	858	4.624842779909066
74	869	3.160610217443758
74	3176	3.532714735281288
74	1589	3.455628327904112
74	1732	3.9693478675944083
74	123	4.046690429484865
74	164	3.6780512550892674
74	2583	3.6952392178760154
74	2858	4.471783276508353
74	50	4.639657485293129
74	3741	4.1803645797494635
74	1066	4.059867159803941
74	615	4.08474557875277
76	3793	4.204605669736914
76	3794	3.714693367130196
76	3946	2.7339702274279056
76	3897	4.721380937257111
76	3898	3.297622259892057
76	3300	3.7021879373830826
76	3316	3.272103588545329
76	3317	4.408979439746224
76	3328	4.269014813015402
76	3408	4.281763770406119
76	3510	4.140981194104421
76	3513	3.7324409951123396
76	3452	3.578536797265172
76	3623	3.5920305792770613
76	3717	3.3883978192920243
76	3578	4.596851525589947
76	3593	2.090882489874485
76	3744	3.665805129527249
76	3753	4.070797979507674
76	3827	3.8279530685435037
76	3755	3.767160030382831
76	3916	4.3549794511596644
76	3783	4.480526308035466
80	590	4.222877234019703
85	3005	3.1123445716950706
85	3949	4.057737883166569
85	2188	2.5254755327049847
85	3317	3.710245411389319
85	2706	3.673110201662374
85	2710	2.68961462365721
85	2683	3.083657444407731
85	2908	3.8415222681196455
85	2699	3.0011771813080546
89	3868	3.5766964436699786
89	3869	3.0275072178052516
89	1704	4.165223765380463
89	3408	3.8450467410532414
89	3265	4.116742836604761
89	370	2.795247706082491
89	2791	3.7623746246639795
89	2792	2.9405616141319886
89	527	4.499250934636094
89	3740	3.4478431441027038
89	1218	4.1966424163726295
90	647	3.394952755252759
90	648	3.2667772567331315
90	3863	3.1127287746414316
90	3869	2.9502572081498055
90	3798	3.215101810211678
90	2997	3.9213643237030475
90	586	3.0015517133946608
90	1	3.9696679959876464
90	3005	3.238137270215461
90	1401	3.3117817017780085
90	2060	2.9741385246136836
90	3948	3.5483102256833137
90	802	3.3565473069820535
90	3879	2.685508264594718
90	1265	3.8229451544558524
90	1266	3.944065415702164
90	736	3.0107296966457304
90	1416	3.1078863453873695
90	1275	3.6977976068165987
90	743	2.5005590996642297
90	3896	3.206998728851936
90	1429	3.1361318111360355
90	1284	4.170954293710175
90	3100	3.610889795707032
90	2302	3.623439651401396
90	3105	3.6554653516263396
90	903	4.126376753212179
90	1437	3.13621439666771
90	2094	2.970250658611274
90	765	2.480964471792492
90	3114	4.093524348863464
90	2170	2.572975856536268
90	1518	3.253978956220903
90	913	4.212995410528807
90	2177	3.0794210075205037
90	1449	3.996732463818051
90	1377	2.870377799633056
90	2321	3.5150391008669857
90	3129	3.529729025916965
90	1527	3.5169476395049935
90	1457	2.9875180010472056
90	852	3.0851270504653376
90	1459	3.198473285801312
90	780	3.364786955676001
90	784	2.655001335797348
90	786	3.0127827375489944
90	788	2.85822992060423
90	2331	3.044968197978585
90	3208	2.7170553713881347
90	2335	2.8707731806568733
90	2190	2.654629960732628
90	1390	3.065540714304436
90	1391	2.772769273794868
90	1466	3.640527869124109
90	861	3.358860260936191
90	869	2.9211862739499392
90	3141	2.928210899906808
90	3219	3.1100014158745
90	3147	4.058502823674089
90	2273	3.4318169528809577
90	1617	4.039621913468016
90	2278	3.3591585129072046
90	1476	3.3597504689961717
90	2279	2.522630003600124
90	2424	3.2177881736149967
90	3082	3.267719046828206
90	2427	3.229561821689616
90	1625	3.7664300818438314
90	1552	3.1520986886568005
90	1480	3.204100290557007
90	1627	2.884128383143837
90	1485	3.343371111030129
90	1487	2.801415277376831
90	3160	3.74601825976606
90	2431	2.9718443339138445
90	2505	2.678798575220081
90	1704	4.018131464355255
90	1711	3.0969526657685797
90	3247	2.9952646125058946
90	3175	3.5774833914251367
90	1645	3.3110614982094693
90	1721	3.4610138469102285
90	3255	3.538430096720305
90	3256	3.6001850986859294
90	3257	2.707399831279738
90	1580	3.5188722284919227
90	110	4.08167442371295
90	3186	3.3058092719324637
90	112	3.2813499684894714
90	1729	3.5038342350295846
90	1584	3.5731660921694353
90	1586	2.919126919749743
90	1588	2.9548574174046354
90	986	3.3678667439335594
90	3408	3.7181635338378363
90	1805	3.353381996372946
90	3264	2.8329186000123867
90	3267	3.5100942082474793
90	2539	3.25860838797783
90	2394	3.409146429666695
90	2395	3.627794358472389
90	993	3.231066341167073
90	994	3.9543905389598235
90	999	3.1490823737149563
90	2540	2.9559582263428776
90	2542	3.717869423728879
90	3418	3.5231336107320796
90	1673	3.6140841469523233
90	1747	3.286365932139387
90	208	2.489888909154656
90	2628	3.2372630974308256
90	1682	3.698184892174162
90	141	3.3850011091829266
90	1687	2.969485119419493
90	2700	3.6533938160122283
90	2707	3.3249475575794407
90	1909	3.3438447793940425
90	224	3.212430468470688
90	1769	3.0193367131833546
90	2712	3.1304130120600253
90	1912	3.618897003807375
90	1914	3.6286673936426315
90	300	3.586357600485554
90	1917	3.1067745777267066
90	1845	3.6403394663145856
90	235	3.515555412444499
90	1779	2.5195893341373674
90	164	3.3997977271475066
90	2723	2.8111993058512814
90	2582	3.0931780736804892
90	3386	3.6275309299122602
90	1783	2.7450042810377275
90	1784	3.7746112142198474
90	1858	3.2041884465185237
90	318	4.422207541135587
90	2803	3.176528057214667
90	253	3.4450805976906986
90	1799	3.287474784011175
90	257	3.057821774050396
90	185	2.680856530020853
90	12	2.2559793573687155
90	337	3.6501936305824745
90	19	2.3959570306863998
90	3623	3.0810447416945235
90	3624	3.4971310174114185
90	2683	3.228664595918197
90	2688	2.950164494339997
90	344	3.055452388496009
90	1020	3.0667841973471552
90	2908	3.8548388290521105
90	2762	4.240193105496794
90	2763	3.490895638893412
90	1892	3.1745290206310663
90	350	3.2533002022743274
90	1894	2.767705648509942
90	353	3.344702867253812
90	281	3.464140583712071
90	32	3.7324095389499683
90	356	3.9951776944065562
90	34	3.7864190924983965
90	2912	3.5168757518494203
90	2841	3.4675538231844314
90	2916	3.5092823120479015
90	3578	3.9500469525215363
90	1037	2.5324799591074796
90	294	2.971165025604166
90	45	3.1921714870544475
90	367	3.168976551565182
90	47	3.9652880340736205
90	1042	3.3296085371088524
90	2858	4.214863706292337
90	440	3.667508865092456
90	1049	3.2007486246040164
90	370	2.6989085183715558
90	50	4.338621167197544
90	373	3.621237818836472
90	376	3.1280431708114107
90	377	3.4373390004228606
90	3809	3.278879875166274
90	2791	3.777412897555468
90	2792	2.8345565745021433
90	527	4.338303519840516
90	454	3.425537676311035
90	60	3.0557888792019274
90	383	3.081611508182255
90	457	3.9278317234084357
90	63	2.758908568024589
90	1136	4.157786210292681
90	2879	3.273588636518666
90	608	4.111209194777838
90	392	2.881226590638493
90	539	3.6064442078492776
90	468	3.151435774293798
90	3821	2.5330014818061075
90	3751	3.7408911586642786
90	2012	3.1328543516874796
90	3752	2.924669570623433
90	3826	2.4642835415148965
90	3755	3.1831074262657157
90	2880	3.3012237041837205
90	2881	3.032963339492274
90	1219	4.133927728480653
90	2959	3.904606394103193
90	471	3.497736147533609
90	477	3.339710913122343
90	2027	2.384122519211751
90	1080	3.8850334406595923
90	551	3.5956215073515634
90	553	3.7789769225290604
90	1089	4.0384800846368165
90	95	2.7353003236354407
90	2106	3.157892435540247
90	2108	3.5646380456803213
90	1233	4.115501318026423
90	2976	2.869167662235604
90	708	3.2657598287684535
99	1259	3.5448707267895263
99	3006	3.3775514361557515
99	3948	3.245280437127586
99	1262	3.8763391769386515
99	1197	3.6946081242164133
99	1198	3.933594463303333
99	2144	3.289108577551094
99	2080	3.3571919391142657
99	919	3.6867362375755564
99	1529	2.725834880597569
99	1393	3.1937078516648554
99	2352	3.2407359618541456
99	1625	3.3790178107714413
99	1639	3.1445469977927893
99	3317	3.4333009658936393
99	1584	3.1609414847701642
99	2542	3.399592508516065
99	3421	3.661602954476594
99	3363	3.5062052086988125
99	2716	3.4448492503330375
99	260	4.121186773702925
99	1012	3.2347102147588425
99	2762	3.790508998710939
99	1968	3.494278669716292
99	32	3.1958849922769574
99	364	3.56311544963772
99	47	3.6007723587540466
99	2797	3.3013983498801607
99	457	3.6590880480877015
99	1203	3.7676650152412146
99	1213	3.8923759283997694
99	2018	3.2199301916763843
99	1073	3.451529257081625
99	1234	3.7407669266329013
99	1097	3.3960595422863222
99	709	2.6316130738808896
99	1246	3.451559452395497
122	2094	2.829519329379897
122	1387	3.613781502298545
122	786	2.8381063302998446
122	2402	2.5344089697655714
122	2409	2.8694348836415977
122	2273	3.264746526955677
122	1544	2.411049466448466
122	1580	3.354415478138772
122	112	3.104605943586697
122	2616	2.39319716882125
122	2700	3.376463761308566
122	2571	4.059412752338994
122	3578	3.970017017745072
122	377	3.191066049290494
122	1240	3.8033359457138043
127	715	3.737654863848877
127	587	3.8948059084343143
127	1343	4.008745570869963
127	678	4.487521070540116
127	832	3.7927825238949135
127	3044	4.097887377185434
127	2284	4.087170513482362
127	1653	3.7537176034042483
127	2600	3.3807515590236843
127	1805	3.708603832794005
127	2391	4.0300344757872155
127	3267	3.7798758842851594
127	2561	3.2135921260054876
127	1834	4.071937186498858
127	318	4.90851930855853
127	247	4.014657164238134
127	16	4.020840982256743
127	1889	4.092040903360211
127	1892	3.580148832463522
127	2769	3.5140724761027196
127	288	3.33777829673887
127	2916	4.257265495302512
127	290	4.18129424989613
127	47	4.444219882576967
127	296	4.740281835491931
127	3720	3.790065546606096
127	3728	4.076019766540607
127	50	4.6317972161196055
127	373	3.9995287298450206
127	377	4.055614609978172
127	2952	3.9230261255908703
127	3911	4.399273531187479
127	3852	4.024068587854367
127	3857	2.949968821299602
131	910	3.7306456234151315
131	2571	4.002684756291058
131	356	3.3956399619224
131	1205	3.191210688022517
131	3911	3.6752156544565535
133	3798	3.8683749947006136
133	265	4.023565677313757
133	2686	4.080883878521175
133	3720	3.724436030998048
133	1073	3.8389386794971956
133	3911	4.3181931487747836
140	1196	4.0059253988947825
140	1198	4.32080263097859
140	858	4.284843098110491
140	969	3.992689288030774
140	3535	2.9511063100066344
140	260	4.23430959610527
140	1221	4.143792172412401
140	2028	4.175782824435299
146	1354	3.7605799889876788
146	932	3.859763533358788
146	3082	3.3615507674864307
146	2291	3.8842203318536783
146	3334	4.034643037250563
146	2605	3.078009555109043
146	3599	3.6669930807070465
146	3855	3.595003937768179
149	1177	4.2934063260230495
149	3865	3.5747247208019846
149	2990	3.5737989934183556
149	2991	3.961494662041998
149	720	4.7324757585135195
149	2993	3.9979395338731143
149	1183	3.9783576080307075
149	3798	3.608786053475633
149	1188	4.219125349093015
149	3943	3.0600292542160434
149	3946	2.567606943227947
149	3948	3.736976397091522
149	3949	4.478265796577264
149	3952	4.059776186381618
149	741	4.388018656546096
149	745	4.787206489189034
149	3893	3.7210365395115903
149	3895	2.6219824785973582
149	3897	4.459460015725979
149	838	4.151041025327762
149	3117	3.6910164357075077
149	2245	3.90347322473632
149	1517	4.344679569512752
149	3053	3.2907135543379047
149	924	4.595107086755138
149	3203	4.008520914243844
149	2333	4.0526563727180624
149	2336	4.173847473177129
149	3067	4.182601982850899
149	3219	3.5148607887243686
149	3160	3.940664714901303
149	2433	3.6722100828792876
149	2360	4.542758067476077
149	1635	4.097765870301262
149	2369	3.477271051813414
149	3317	4.230189681814462
149	3174	3.7131660006960763
149	100	3.3931116335951432
149	3178	4.064946315733099
149	3182	4.188516696590984
149	2527	3.6414704378729374
149	3185	3.5648756071819747
149	2384	3.789396523915787
149	112	3.6788791272308092
149	3404	3.9067052853044992
149	2605	3.3788727705175043
149	123	4.281979208252706
149	998	3.29196863185251
149	2611	4.153722394513938
149	3271	4.076335653362921
149	1678	4.066333574888623
149	3358	4.120611991278501
149	2700	3.913181148824018
149	2706	3.940912486667857
149	150	4.1876308108541185
149	1694	3.9929400913059045
149	2710	3.300177348017348
149	2712	3.713356149535187
149	2640	4.053482669903563
149	1840	3.6102217430257575
149	2572	3.5498470077645248
149	1916	3.94536297092531
149	1845	4.096672799689075
149	2721	4.028778980311201
149	2724	3.2554574800414264
149	242	3.808246120802046
149	2730	3.8459930911383586
149	3539	4.184327550474461
149	2594	3.9577191890097114
149	3617	3.6873358440508213
149	3476	3.9682139200838726
149	265	4.133343877748318
149	17	4.212612051283337
149	3554	3.761823395032891
149	3556	3.81801740849439
149	2827	2.7685511216243266
149	2683	3.8955749603176573
149	1883	3.670076534386717
149	2686	4.169196152446775
149	1958	4.037794332292251
149	2688	3.409989899520761
149	1959	3.9319883770176944
149	346	3.789958376063052
149	24	3.4242995252739425
149	2908	4.138513367421596
149	3639	3.9725336852784427
149	2769	3.5868862188543673
149	1101	3.8969958595025487
149	2770	3.651149660720757
149	3728	4.125586248592731
149	2856	3.0916428571919945
149	1120	3.883749656439326
149	1055	3.347954683786962
149	1060	4.0331568967841
149	391	3.590843539463025
149	3752	3.2998824421593147
149	3827	3.576024332778556
149	2019	4.873976122822388
149	1218	4.502181429478605
149	1148	4.749854774235004
149	3910	4.237409702706128
149	3911	4.365801533205122
149	3916	4.057766761803484
149	1094	4.148666607107137
149	708	3.7394977842445174
149	3852	3.9865618734871915
149	2115	4.004889218342512
149	3855	3.8815318006336677
149	1242	4.475304590934859
149	3859	4.118562270253246
150	3949	4.4351733427102005
150	321	3.984157322760643
151	574	3.5920575743759815
151	3860	3.410488521767782
151	3861	3.206328832796127
151	3863	3.446937706916007
151	2125	3.834323366272911
151	1251	4.144033410445678
151	2054	3.161105655469805
151	1257	3.9944146964933167
151	1259	4.3420585209074085
151	1188	4.012537774343655
151	728	3.84711292037833
151	1	4.132523660037334
151	3006	4.1235187399001765
151	3949	4.411059569938195
151	1193	4.504406018751062
151	733	3.776035829990689
151	663	3.5534349010115047
151	1197	4.393215224829982
151	737	2.1162499568071462
151	3952	3.8898924185243664
151	3882	3.3487686282834526
151	2144	3.922101116097267
151	2145	3.4543158133484995
151	2146	3.184533180320778
151	1276	4.320187032549448
151	674	3.056099288467573
151	2150	3.6840337116519715
151	3896	3.424772833654086
151	3897	4.466685659567319
151	750	4.662285280372479
151	1285	3.892976637401632
151	1286	3.66242554141911
151	1288	4.313624150426273
151	2301	3.7755611342879383
151	2302	3.9252496268364307
151	1500	4.000297945114739
151	3032	3.630999584308909
151	3033	3.3672246172782083
151	2161	3.610391276860237
151	3039	3.995301806102228
151	2091	2.989716913699097
151	1290	3.6806866239396134
151	1297	3.8843232657632933
151	3114	4.102367965314852
151	2245	3.5616697189514794
151	1517	3.8180572945136717
151	2247	3.1863210406127327
151	2174	3.452096870301107
151	912	4.6880154560535745
151	2248	4.128035848418009
151	919	4.359045391849745
151	2321	4.031837116347156
151	3052	4.130165041286146
151	2324	4.549095145984836
151	1380	3.664117404173467
151	920	4.072321286878998
151	1381	2.06079630285498
151	924	4.04062946028567
151	852	3.3425529610680846
151	858	4.485512891538852
151	785	3.593468319464161
151	3060	3.9516079880814154
151	2405	3.304565866413548
151	2406	3.8331962377307125
151	2262	3.306424004986736
151	2193	3.466325481871207
151	1537	4.18084006995539
151	1539	3.078378802728627
151	1394	4.164772067683635
151	3210	4.030263624892578
151	1610	3.9934093640025794
151	2340	3.391520000112254
151	3070	3.4860864327776846
151	1612	3.409971571758438
151	3072	3.82745035099585
151	1614	3.411634169515641
151	2278	3.6149944412504227
151	3225	2.9149842495287954
151	2352	3.844724073046725
151	3155	3.4315862218058615
151	3083	4.215537260919347
151	1552	3.3802075834041077
151	1556	1.9446184214567428
151	2359	3.9599329064485063
151	3089	4.4013698673536075
151	1485	3.537581953421107
151	3302	3.44133739602878
151	2506	3.445843644549714
151	2369	3.01822817577074
151	968	3.8475543192737716
151	3317	4.116254954579637
151	1641	4.0417463404052
151	2371	3.778788980363242
151	2518	3.6194138786593
151	3175	3.925688790215972
151	101	3.993366872143153
151	1573	3.2874357688875406
151	104	3.598408967924534
151	1648	3.534647647496792
151	3324	2.9317714548518885
151	3325	2.387036782122976
151	3328	4.036025680345947
151	2527	3.5177973075657634
151	2528	3.6512669668560043
151	110	4.588801510834183
151	2529	3.8276828906295655
151	1586	3.2463286475360844
151	987	3.0175903297578164
151	3408	3.9430092367198295
151	1732	4.014764220076065
151	2463	3.5125243913835766
151	1663	4.058262952812781
151	2395	3.9477663070476248
151	125	3.987649318255289
151	2542	4.026420850906016
151	3418	3.6518434484664506
151	3275	3.7463613380012024
151	1747	3.5128501927833224
151	1674	4.087268237432173
151	3421	4.1760873798538345
151	141	3.5864151252452388
151	215	3.9324529463747933
151	144	3.4353759760199023
151	3361	4.0078163718009
151	2706	3.6541271397552157
151	1904	3.5988113326096056
151	2567	3.3380019704773636
151	3299	2.3745427433128765
151	156	3.750054872711774
151	157	2.9038102362378155
151	3515	3.281175401287038
151	3448	3.9367222920159723
151	1845	3.9524214110301408
151	237	3.0765773660802966
151	3524	3.5645696007106706
151	3526	3.8698319474788723
151	1923	4.125132998394883
151	2581	3.2470395176503573
151	2657	3.6655894694778928
151	1784	4.139920990717005
151	318	4.828020518064622
151	2802	3.1380767136673104
151	2804	4.284226401241499
151	2805	2.9861028422233584
151	3535	3.572448323799736
151	2736	3.544531256985982
151	322	3.8222791326756904
151	2596	3.6808407593021637
151	180	3.6522786360817
151	2599	4.1545673902633355
151	256	2.829395229431759
151	3540	3.0094295998383074
151	3616	2.5469775098818537
151	3471	4.152635219958664
151	2747	3.4053711792600487
151	3479	3.748516134678769
151	260	4.2306527160830845
151	11	3.861495573047284
151	3552	4.2551300848323175
151	3481	4.110400978170858
151	3556	3.695492994533755
151	1958	3.688170211216803
151	1885	3.840270345794079
151	342	3.8955197896650824
151	21	3.717763429871364
151	1888	3.083376609974368
151	345	3.895676923043876
151	3701	3.3373427886626468
151	3702	3.8480264447266905
151	3638	3.3088275741043662
151	1967	3.525127730241895
151	1968	4.134769804237028
151	1896	3.194412412379054
151	427	2.4729049608598284
151	356	4.3445959498527955
151	34	4.0525713258113365
151	36	4.120941236117267
151	3712	3.308575579656687
151	1101	3.668331912599348
151	2915	3.817369703151626
151	1104	4.305201070346415
151	2918	4.55478876957181
151	45	3.4915530155440355
151	3581	3.020087560583732
151	1047	3.596891520775177
151	441	3.8928747057437634
151	52	3.82323821821825
151	3809	3.4498498712258057
151	3668	4.034602893854173
151	2797	4.049105103607047
151	3812	3.626891277840324
151	2000	4.151693980927339
151	3740	3.670210296272948
151	2001	3.7185248089096987
151	1202	3.665104887861778
151	2942	3.1877918400503593
151	2872	4.019497742684465
151	1206	4.434768466782354
151	1060	4.143400887815799
151	2009	3.5300414850955044
151	3749	3.3540526334225973
151	1136	4.542938501866723
151	72	3.6609709976103337
151	3752	3.11910362526574
151	2950	2.474083463107752
151	1211	4.174186982514232
151	3826	2.6715610435952484
151	3827	3.536103270829809
151	1214	4.423664878352241
151	1216	3.670614757857505
151	1073	4.082522444872491
151	1148	4.541822918118593
151	1079	4.1304270958784945
151	3831	3.77822162252468
151	2020	4.084603275266316
151	1220	4.028195224837164
151	1221	4.360488721843778
151	3836	4.015026093421897
151	2962	3.622134152869351
151	1225	4.271468691201743
151	1081	3.612944004249463
151	550	3.2626403193070637
151	2969	3.9343227728876498
151	551	3.63672374564936
151	3699	3.6322039848415444
151	1088	3.31524765889364
151	3910	4.020735945576562
151	3911	4.348364956873819
151	2100	3.719027806944297
151	1300	4.22448070841434
151	1230	4.175549795094906
151	1304	4.221920961169535
151	1233	4.3846013109638164
151	2109	3.9321619063425466
151	1307	4.130881181502126
151	1235	4.226455462623312
151	1236	4.236630413841957
151	562	3.8361996153309152
151	497	4.000802356851501
151	3784	3.342753827312341
151	1243	3.9722425734307647
151	3785	3.0410981465398694
151	1172	4.4413451901148395
159	2987	
159	3793	
159	1198	
159	2070	
159	3114	
159	1513	
159	2355	
159	3255	
159	3408	
159	2396	
159	2485	
159	2706	
159	2710	
159	2716	
159	2718	
159	2572	
159	2724	
159	2581	
159	2805	
159	2599	
159	3615	
159	3543	
159	2683	
159	2759	
159	2688	
159	2762	
159	2763	
159	2772	
159	3578	
159	2858	
159	3751	
159	1210	
159	3753	
159	2881	
159	2028	
159	1234	
169	3949	4.156114248333227
173	3789	4.323757905040578
173	1178	4.636521639448059
173	647	3.6442034198552427
173	3930	3.361495076918818
173	1251	4.21669778906932
173	1253	4.27004817533198
173	1256	4.458140713466827
173	1259	4.370432456530368
173	1	4.162244671956737
173	3943	2.886069096901247
173	3871	3.938181306364267
173	3872	4.0126288506870615
173	733	3.7380066330183688
173	1197	4.623994269427553
173	1199	4.206111742677255
173	3010	3.6208791427011766
173	3950	3.514782821507575
173	1414	3.7183566945569027
173	1415	3.589592504576232
173	3885	3.2587394321649183
173	670	4.285266515712128
173	1283	4.349899386076258
173	750	4.731940911768814
173	1287	4.323122374882969
173	3030	4.530559492109704
173	907	3.9659468938274713
173	1296	4.117610750725092
173	909	4.26524748272866
173	1299	4.320680695905947
173	2310	3.7897090174259356
173	2245	3.563376728217337
173	912	4.688818180606471
173	2176	4.094472404973986
173	2178	3.801663301061557
173	916	4.319374666686449
173	919	4.527996730422128
173	2324	4.507163631957657
173	2180	3.4384466831706133
173	2329	4.299840301299077
173	2184	3.7238989575020978
173	922	4.657150406623457
173	926	4.386457877158327
173	854	3.9948090840402175
173	3201	4.10583974809228
173	3069	3.9449098856879123
173	1394	4.209115185971453
173	2348	3.67335558268051
173	940	4.075778789623517
173	2349	3.7292299145236547
173	949	4.117154337961013
173	3224	4.194308479379301
173	2351	4.368543911005599
173	2285	3.926925757000553
173	951	4.429598150315433
173	3089	4.5147939268920245
173	955	4.337247948725423
173	3160	4.1488191378227555
173	3307	4.508459215322345
173	1631	3.6590438919102914
173	3091	4.3462127801432615
173	1635	3.9311946581115946
173	3097	4.2196084434854315
173	1639	4.017093651742653
173	3098	3.93925624383587
173	2512	3.897578552239125
173	3327	3.5786438895432497
173	3182	4.030619149690226
173	3329	3.8063559891411893
173	3188	3.7517212210193693
173	1584	3.8426498100755877
173	3330	3.860264597457086
173	3196	4.386889488536974
173	2396	4.245818559923821
173	3416	3.90654186730684
173	3420	3.83849468317967
173	3350	4.031513078217859
173	3424	4.024090178594519
173	2554	3.4281739756282126
173	1900	4.168498921503143
173	2630	3.562261054862712
173	2708	4.0348268699685566
173	3365	4.28529243026096
173	2639	3.256915015562256
173	1694	3.878602542545968
173	2645	3.5819932836822543
173	3379	4.022588561262587
173	306	4.364394078422738
173	307	4.232279119054722
173	308	4.109871829570991
173	1922	3.3433145973491074
173	3527	3.692042538730861
173	2725	3.8387280982306082
173	1927	4.340503890663859
173	318	4.67444317033544
173	2731	4.464905918486019
173	3462	4.394247401063115
173	3536	3.8034485873577655
173	1933	3.7547930471155038
173	3539	4.027872258669237
173	3467	4.07991276783752
173	3468	4.400094754841156
173	3469	4.456556663390181
173	1938	4.035969989230736
173	3470	4.441424131644623
173	3618	3.556372569137982
173	1944	4.211952657272621
173	1945	4.414420679173863
173	260	4.613120754828755
173	3624	3.6982935350960666
173	3481	4.029439571480811
173	3629	4.38259310712566
173	3556	3.7113384223115786
173	1952	4.297831440906354
173	1958	3.689095064137266
173	3701	3.3643712531740286
173	2905	4.574391043862534
173	3498	4.087189042614165
173	353	3.569775163922674
173	3718	3.463788312704931
173	1104	4.340588051634833
173	2774	3.6269987250909015
173	3578	4.027516200384199
173	3720	3.7119522302844747
173	2920	4.220004886618579
173	3655	3.84092274901069
173	1041	4.111399619597131
173	2932	4.011719406485255
173	2935	4.22540275702029
173	2936	4.184520460597385
173	2937	4.418565254838715
173	2864	2.942064815492613
173	527	4.647607754780806
173	3742	4.084167526874051
173	1203	4.462655354647649
173	3745	3.5368819231125452
173	3746	3.939336603470263
173	1206	4.414907931586909
173	1207	4.610326156768243
173	1208	4.464654903164143
173	3678	3.9066876387821825
173	1069	4.0853085623493515
173	1211	4.288446718491216
173	3756	
173	2019	4.703496949221809
173	1217	4.40761715732782
173	541	4.364186127718145
173	549	3.933500041930401
173	3831	3.7719127570573208
173	1226	4.24015097890553
173	3911	4.338700492543683
173	1300	4.302765314188835
173	3916	3.99621222702652
173	1232	3.7073658244269194
173	1233	4.463920464991785
173	2973	4.25411050643914
173	1235	4.314226339224816
173	1237	4.398759438891625
173	1093	3.5215354685250206
173	708	3.5761541112149877
173	2112	3.623966395698048
173	3852	3.8598154245581395
173	3929	4.103537306587274
173	3787	3.8860465991163196
173	1173	3.48343185692674
173	1247	4.521579465542828
183	3712	3.3132716514986447
183	3827	3.5186231452227332
183	3911	4.239959440576033
192	1185	3.8199864390982414
192	3457	2.7666694520165396
192	2918	4.059012806844879
192	1222	4.493856892195429
192	3911	3.7536813077418305
195	1252	5.063779984735663
195	3796	3.918352297739639
195	2995	2.8816804967033076
195	3943	3.374930660010016
195	3006	4.502452683471368
195	3946	2.8959473777830556
195	733	4.110338799221067
195	597	4.052125068170137
195	3950	3.985358538370495
195	2072	3.6461710113580024
195	2147	3.2377636520949302
195	741	4.844830928579087
195	3889	3.058826133409673
195	743	3.2345435415267803
195	2159	4.107717628986405
195	3031	2.8962823681941487
195	1503	2.9836378513612916
195	2092	3.138869077594277
195	2313	4.613541518604803
195	912	4.8736053904618375
195	785	4.281560602994111
195	788	3.497017139313812
195	2268	4.573656546931114
195	798	3.319366579328288
195	1614	3.935734531353363
195	3146	3.4068381247105624
195	2422	2.8221133542525956
195	3082	3.7690745220707567
195	2501	4.807990198114262
195	2502	4.332085038992977
195	2360	4.791929241779456
195	1711	4.010572167810711
195	2370	4.089473423460565
195	1573	3.527874436844071
195	2453	3.86667295699749
195	3331	3.230300965944695
195	3408	4.405888140453384
195	3263	3.744265928785773
195	2609	4.618411596179684
195	1673	4.394019096869432
195	1677	3.370122860168844
195	3503	3.952568022956657
195	157	3.440935480248513
195	158	3.582029905254072
195	2648	4.551054299121385
195	2722	3.2310027799046894
195	2723	3.752881139781361
195	1795	4.244768236789074
195	18	3.916284775581472
195	1017	4.144146544196121
195	2694	3.549981363465192
195	2769	3.872659456994045
195	31	3.7835303193764656
195	2699	3.108772862256908
195	508	4.477306603768455
195	3720	4.153134113328321
195	3727	4.290898053483277
195	440	4.245305803504436
195	374	2.7788090543358503
195	3591	3.97352832557794
195	3598	4.087744893946785
195	3816	4.324516131533328
195	1130	3.9237332128129876
195	1136	4.920111608517874
195	1210	4.435081073439028
195	542	3.44201566921384
195	1224	4.9190668221925495
195	3698	3.8384786446090815
195	1089	4.632442019851046
195	3915	4.0035350563435905
195	2103	3.778025241568706
195	2971	4.492670882313368
195	1305	4.408377285571728
195	1232	4.173940043767959
195	1306	4.174757301854694
195	1091	3.5680105345844
195	635	4.219322866653915
195	562	4.375066685856323
195	1242	4.687449215357118
198	3483	3.4362678705683503
198	3752	3.4343306301096344
198	3785	3.5379656709674756
201	1103	4.3075588926359165
218	3889	2.170529535689315
218	3893	3.282046822084178
218	3897	4.003094020912589
218	3317	3.7196015388475536
218	3827	3.215008673376184
218	3901	2.309656158843837
218	3911	3.9047757544340094
218	3916	3.7230989932147645
218	3852	3.4635173035417277
224	3948	3.2119733477787
224	3952	3.317097567227227
224	904	3.8707933234436833
224	2243	3.2802683366885814
224	910	3.8680403611900784
224	916	3.7893546444610884
224	1394	4.026563915312573
224	3147	3.918835377829947
224	3079	3.348423181523045
224	2396	3.930701966027131
224	1678	3.3982101447528
224	3421	3.6312816355082926
224	1916	2.9218060787328843
224	3536	3.3257308981960425
224	3466	3.0867618658329086
224	3481	3.757353431673364
224	1885	3.2720435796482326
224	2762	4.286109216984685
224	2692	3.8090651017844026
224	527	4.0075681049066505
224	529	3.578035856419718
224	3671	3.5967959336006685
224	1148	4.1533058211718625
224	1080	3.766295906441299
224	1089	3.8839338203961433
224	2106	2.8655307688322424
224	3852	3.345279771386508
224	1243	3.4698854306539926
228	3879	3.1248843098766192
228	3952	4.054534474700759
228	3408	4.160963115874336
228	3409	3.5611304865055353
228	3355	3.1717940842678143
228	3510	4.054212478658333
228	3745	3.7450713058618206
231	780	4.329899104749368
231	858	5.015733415259946
231	3072	4.434241474475265
231	2288	4.414118650868976
231	1748	4.458155120570754
231	2571	5.003052872406376
231	3468	4.906673205552758
231	1028	4.6116252102192306
231	1210	4.723651278996062
231	1214	4.818972874314601
231	1097	4.604855478433376
231	1240	4.80823004730859
237	1257	4.00791270755393
237	1188	3.98439398079843
237	586	3.4000415914478417
237	5	3.2046479182464593
237	1405	3.153312743089798
237	593	4.340146024473251
237	743	2.76193106576465
237	2150	3.717617210273902
237	1288	4.285646226758115
237	1503	2.5877211167566667
237	1431	2.7335236952566757
237	2170	2.8217103110569566
237	1517	3.8820812645609317
237	1466	3.987268613627702
237	2411	3.0039910134498364
237	3146	2.9347876011257723
237	3148	4.13389503652184
237	1476	3.7001527224692348
237	2424	3.6201775780804293
237	3243	2.639154710844089
237	1713	3.2254717407840494
237	1641	3.8346449680269696
237	1642	3.1795992611581174
237	3247	3.258372142071384
237	3252	3.835300618082872
237	3326	3.0608668473670857
237	3253	3.752224870566593
237	1584	4.050766016097124
237	1588	3.241290256486062
237	3261	3.617619944553982
237	3263	3.216444639503783
237	1665	2.854555722911004
237	135	3.0911981996961986
237	3361	3.9262507395363864
237	2706	3.8624233483647403
237	3441	3.474974010048133
237	1777	3.527789659482526
237	236	3.4357487162464775
237	2724	3.302804858775517
237	317	3.360827266254871
237	2801	3.6726397775837767
237	3537	3.3555203455817737
237	1792	3.313244609572425
237	250	3.036187359824486
237	12	2.5333940644266852
237	339	3.7271171312664078
237	2683	3.512980089242843
237	276	2.8012223959283475
237	349	3.9116014037557942
237	2907	2.6645199030322724
237	3564	2.080573959482086
237	1961	4.129223247431552
237	360	2.6901810339612235
237	435	2.697701027944627
237	367	3.625723908259294
237	368	3.652421382202185
237	1042	3.6509929241841452
237	1049	3.561009510633149
237	3809	3.6337398409274604
237	2791	4.229903391345915
237	65	2.249450509839445
237	69	3.7686886087630187
237	3744	3.3598062310294208
237	466	2.9952526487812805
237	468	3.4151929495515576
237	3752	3.1881878954542726
237	88	3.055947758128839
237	2890	3.9043110653228914
237	553	4.060886302552301
237	3911	4.314930805799654
237	3852	3.826597801502626
237	1246	4.135850644813117
239	720	4.342250312563582
239	2997	3.993915330857687
239	1185	3.907730747025656
239	1	4.089486093805237
239	1263	4.04321578419641
239	1196	4.5296618630715315
239	1198	4.40636401761704
239	595	3.7731208969894103
239	1299	4.13366524494666
239	3114	4.249416406207433
239	910	4.130719015872797
239	2324	4.202325690794752
239	2427	3.35515899369366
239	110	4.219304570915241
239	3261	3.3636438271374485
239	2628	3.5110239384339197
239	2599	3.7196819310944855
239	260	4.590162673693955
239	3481	3.7449015126734033
239	1960	3.898775269202012
239	357	3.7216801012943654
239	3578	4.050073207165672
239	2858	4.2316635967671505
239	72	3.460985373562414
239	1213	4.083141692707067
239	1148	4.4168268317705905
239	1077	3.888319224265332
239	2890	3.6303725281435963
239	1225	4.1953780502680855
239	3911	4.039412179409636
239	1090	3.9986216464056388
239	1242	4.115638333427614
242	919	3.705255621442266
242	3275	3.306913122430585
242	3481	3.7042977810221864
293	3948	2.994023892289017
293	805	3.2218840036110974
293	3893	2.987041796857731
293	306	3.9134926362625
293	307	3.734360964086027
293	308	3.699445411467503
293	3746	3.5935465262956594
293	483	3.4143486771205347
299	3948	3.8046112360167172
299	3897	4.463931613604101
299	3911	4.390657706306291
308	647	3.294711390299282
308	1320	2.7101846818825557
308	2124	2.9512182931252537
308	3869	2.8260966585712475
308	2997	3.720207947191514
308	585	2.8531436334289757
308	587	3.3409657729786053
308	588	3.5583389948482274
308	589	3.9799240180609177
308	3000	3.888217697958166
308	1	3.8594687605539026
308	2	2.966374034570565
308	3	2.8278027761847757
308	3006	3.7641634356088978
308	3007	3.783007133118692
308	1407	3.363851074306973
308	1408	3.5066973350334427
308	1409	2.810979695955681
308	1265	3.7296762244903654
308	1266	3.883212360087211
308	1268	3.2904696158185125
308	590	3.6835804202823823
308	736	3.034136788921983
308	737	1.9093891358391428
308	593	4.584012258782883
308	595	3.627725903546137
308	1411	3.7203841115358074
308	1343	3.551963852298008
308	1271	3.6493268555405636
308	3020	3.3764944316743355
308	2155	3.1435196234952363
308	2082	2.733466726716693
308	2083	3.4421150984953344
308	1356	3.612435917077662
308	2087	3.395139940171772
308	1288	4.077785963686753
308	829	2.2568361273899002
308	3100	3.515537921927552
308	2302	3.603272844813892
308	1500	3.675433997067465
308	3105	3.6518590263832746
308	3107	3.2470147431401584
308	3108	3.55871819458313
308	2094	2.9504282809517055
308	1292	3.815323839550117
308	760	3.3137096143434377
308	2169	2.5393769843638627
308	691	2.877037635481488
308	3114	3.9125667683969296
308	2318	3.695052769872989
308	1370	3.406169112446843
308	1517	3.269334968883318
308	1445	2.0131496052647955
308	1372	3.2188305537182194
308	1449	3.975536828908617
308	1377	2.816235995919302
308	778	3.7564439975922648
308	2323	3.659434254106441
308	2324	4.077751470807532
308	2325	2.9704034770235266
308	3129	3.514526086407551
308	1527	3.478791128304355
308	1457	2.94051145087384
308	2330	4.111804321935957
308	3208	2.6163895830759665
308	3063	2.5955877361205952
308	1461	2.419246330557632
308	1608	3.3248214704183208
308	1537	3.8695309870294983
308	1391	2.8849954911936897
308	2268	3.7425613199277197
308	1393	3.531128985130789
308	1396	3.4461482639041616
308	869	2.863182140234768
308	2412	1.9681099667375594
308	3219	3.015825833945896
308	3148	3.7964560064915753
308	2273	3.3391291845125615
308	1617	4.043047850206007
308	2278	3.2596453842223
308	1479	2.8994939771686945
308	2424	3.18466464427679
308	3081	3.193655795942197
308	2425	3.298718815296052
308	3082	3.1556454199571218
308	3083	3.9233067609474173
308	2427	3.0889451391199563
308	1625	3.726070307688849
308	1552	3.093614378341628
308	2359	3.6422378475989547
308	1485	3.2717941010758937
308	2289	3.9243502880392844
308	880	1.9339941875131519
308	3160	3.5460701048882446
308	2504	2.6660323523782123
308	1704	3.897407070785158
308	1707	1.8128695166338082
308	2291	3.5641020325102843
308	1717	2.7346580336502457
308	101	3.6852661773077444
308	3249	2.8977181560689176
308	3176	3.038398081717646
308	2447	2.8809758456473205
308	1645	3.127981016725108
308	1719	3.840476451819007
308	1573	3.0230240118051577
308	3178	3.6264621639645807
308	104	3.461455994570476
308	107	2.967179445477796
308	1721	3.4972332323019617
308	3253	3.4830272635959405
308	1722	3.149798088304301
308	3255	3.6897136072828225
308	1653	3.4829324445243253
308	1589	3.1431499055011054
308	3261	3.301475581638343
308	2605	2.964259747349616
308	3262	2.720216715168951
308	1805	3.2293068112847285
308	3266	3.4556603558538455
308	2391	3.5914372712890046
308	2392	2.075191852013591
308	2539	3.1686324399520767
308	2395	3.6229836678774303
308	2396	3.7188398659833486
308	999	3.1195926133311294
308	3418	3.679480624419666
308	2616	2.5588641218958514
308	1673	3.647413363310592
308	1747	3.2656186456858767
308	1748	3.590348221019163
308	1676	3.0346528381726703
308	2628	3.4405989942635786
308	1682	3.7023232091030764
308	215	3.5686482790592997
308	216	3.1850706372307815
308	145	3.037495336080963
308	2700	3.347594730920769
308	2630	3.228564147284145
308	3438	2.506772341560833
308	2709	3.008606798257977
308	2490	3.2653139497160764
308	153	2.53934420115796
308	156	3.4297771055531006
308	2712	2.833808870829834
308	1912	3.5353344048615805
308	2571	3.8680549171890646
308	1916	3.3606425365235566
308	300	3.566849503226588
308	1918	2.902431287202241
308	2575	3.837173789616174
308	303	2.7443530562878204
308	230	3.239298818565376
308	231	2.9673245767386285
308	306	4.078959320814689
308	1777	3.3623905902801967
308	307	3.9164485600838304
308	235	3.630295162038697
308	162	3.94589332692189
308	165	3.4653126229388995
308	3450	3.1357537232418355
308	1923	3.773355732050131
308	2580	3.5923901663141824
308	3386	3.6175460284855037
308	1784	3.5914269975118622
308	317	3.034114142535564
308	318	4.501914023967471
308	319	3.715827274075984
308	246	4.117250525367984
308	175	3.2328074889361886
308	2803	3.0939272129653594
308	322	3.4758590067484665
308	325	2.3920523550020034
308	2599	3.6218702171779844
308	327	2.5199934083828
308	1799	3.201015572918464
308	329	3.1421784817248484
308	3614	3.0318432814216987
308	3544	2.8211462473917717
308	3545	3.6955789871562112
308	2817	1.4954483126100153
308	2671	3.3887062521066533
308	3476	3.302493920055736
308	10	3.3321688346852083
308	333	3.3645867478005975
308	11	3.549137598810519
308	16	3.524630459414027
308	17	3.7815379841482564
308	194	3.529933738431622
308	2822	2.8187052829441304
308	410	2.7372285718891876
308	2683	2.8584687815217724
308	1883	3.2652525221430584
308	1885	3.461773065876909
308	342	3.5722211891729163
308	21	3.5009901076414365
308	417	3.1863181279831165
308	272	3.498849914907478
308	1889	3.694663462957519
308	419	2.062808800968259
308	25	3.444756840469157
308	348	3.6095163813431297
308	349	3.4432705905850574
308	29	3.9148329711799716
308	1020	3.017640286809095
308	2761	3.8086264474869194
308	1022	3.498368203090813
308	2762	4.312425460668394
308	2692	3.983521582303488
308	420	2.3320248900505876
308	1029	3.495049667328708
308	423	2.9492618211270973
308	353	3.269558650696297
308	2699	2.7117874418909915
308	281	3.417021647376946
308	32	3.820825868124285
308	355	2.22303661155721
308	429	2.258496744070452
308	356	4.031027686330059
308	357	3.5694703871489404
308	36	3.793527833440042
308	2912	3.4947842990239404
308	2916	3.5465101731013275
308	1037	2.388454852250744
308	432	2.380884352375649
308	508	3.7227038830822066
308	364	3.690937242262961
308	42	2.6911729027696363
308	293	3.898891933988021
308	45	3.1899100985135167
308	367	2.916242988214449
308	47	4.065316529636828
308	296	4.4137085849888695
308	3723	3.5129538572659773
308	440	3.611077597601213
308	1047	3.1976190691279744
308	514	3.362196285534052
308	441	3.5287628339658506
308	515	3.7341037815945546
308	442	2.857741230120851
308	445	2.5452360747083986
308	50	4.299926353532688
308	52	3.418958464299069
308	448	3.35607933975962
308	449	3.49281714521843
308	379	2.6587357383440886
308	3809	3.2176229167200865
308	3663	1.7981236435169943
308	3664	1.6595433445958907
308	3665	1.982483966434208
308	1992	1.8642665195202266
308	450	3.089085511874283
308	1059	3.1313260777939367
308	380	3.453850803827048
308	527	4.354433761194781
308	454	3.4038401503044615
308	455	2.42049894479386
308	382	2.7453599747255346
308	529	3.8523573074250326
308	457	3.986123493038719
308	2002	2.96154063993522
308	531	3.696794627630315
308	537	2.9276541256201587
308	70	2.8245109782019977
308	539	3.5556238006916114
308	3827	3.135865563119483
308	1213	4.3099805378307785
308	2953	2.2674274345549454
308	2959	3.5540743467989446
308	546	1.8349483822599262
308	475	3.6535370262423132
308	549	3.6135769836813
308	3835	2.5766984709108027
308	2023	3.2149643406206536
308	3764	2.461904476629578
308	2890	3.5318777325980655
308	2028	3.709039431565866
308	552	3.0849528548186567
308	553	3.6056899020024
308	480	3.6295520430176507
308	627	3.430127915306557
308	1089	4.054104694064739
308	95	2.6059020546127143
308	2102	3.1745944099086234
308	2106	3.1218985184774355
308	3919	2.0715947239625474
308	1233	4.114745341593808
308	2976	2.769740177160715
308	1092	3.272300570512152
308	491	3.0543696299649854
308	2112	3.3249995275621047
308	2986	2.132714288618616
319	3861	2.808246477043639
319	1252	4.340738766622037
319	2997	3.8868445468689843
319	1189	3.8847424074857395
319	1260	3.8577799384527482
319	2064	3.959622018346016
319	1269	3.767992672504158
319	3952	3.5005150906207314
319	1270	4.24626634241229
319	3897	4.137178484087623
319	1288	4.020052052829481
319	903	3.8077813834449343
319	1299	4.103199348644371
319	913	4.211524826790814
319	2176	3.6477784758164153
319	915	3.67724977355226
319	3052	4.002591594428725
319	3200	3.551385985329319
319	3210	3.5933757180175405
319	3098	3.794624921840582
319	3326	2.4711869915655633
319	3182	3.5242759307376073
319	3334	3.8022411328571004
319	1663	3.4475670273782595
319	2395	3.7478527951244667
319	3435	4.10872932458442
319	2706	2.5733996983431453
319	3513	2.945694089006609
319	3515	2.8821116670358697
319	3535	2.666244795849632
319	1948	3.5385264832788637
319	1963	3.785759160747305
319	2693	3.5768965404491526
319	1896	2.7930883265362554
319	3579	2.2248785814105303
319	2788	3.8416702323265515
319	1203	4.092637030962605
319	1204	4.153125220433922
319	460	2.195872821560795
319	3751	3.540285319823865
319	3685	3.3297594941944357
319	1307	4.263345667903856
319	1169	3.4018965136379005
329	3861	2.7794177334665213
329	3204	2.8193799641645176
329	1643	3.206048877101379
329	272	3.127126853655845
329	3717	2.4616642748805546
329	3911	3.4812302674089977
329	3841	2.1216501778035983
329	2112	2.850681305894871
331	3008	3.8772166720575436
331	163	3.496270131598586
331	2583	3.848943896188418
331	280	3.689750399627008
331	2844	3.4720959785606764
331	293	4.449402983172225
331	3728	4.089758268622085
331	1089	4.450592213486664
343	2053	2.8106013284706517
343	2054	3.4970107223281026
343	1196	4.793953645456811
343	1198	4.986910787734796
343	1270	4.5367400573895384
343	1278	4.749057350386735
343	1356	4.204729323852019
343	3032	3.996704365483687
343	3033	3.79292589301504
343	2094	3.6587165224630414
343	1371	3.6230472038122152
343	1372	3.8855541826226925
343	1373	3.1975647344920763
343	1374	4.430594839290394
343	1375	3.8382271819140064
343	1376	4.197934753133092
343	924	4.400293323478742
343	780	4.014481040104993
343	1391	3.3537447495789996
343	2346	3.842241441615549
343	1544	3.5470910668550046
343	3156	3.470924639109126
343	899	4.792612012106776
343	3175	4.319875338031491
343	2527	3.9023139648975054
343	2528	3.9831903872744303
343	2455	3.97577656972886
343	1653	4.168841886655757
343	1580	4.109189294339507
343	2529	4.237966460126501
343	1590	3.0263885194836346
343	2393	3.8171283540961602
343	3269	3.673703386486446
343	2394	4.012414052028266
343	2613	3.56009098917885
343	2470	3.9717392516752694
343	2471	3.1475441439222505
343	1750	2.507100850181561
343	2628	3.927300969349444
343	2701	2.6630506562228655
343	1831	3.096326333329736
343	2640	4.071254336170596
343	2642	2.8119413548616206
343	2643	2.3983870623504706
343	316	3.969524450276719
343	2662	4.363580099806008
343	2664	4.477623997444295
343	2668	3.0193494769751448
343	329	3.8547243549424666
343	3471	4.548046176101946
343	332	3.012310003852583
343	1876	3.7431596531879627
343	260	4.935100685245913
343	1019	4.210492803961172
343	3701	3.7352098610652558
343	3638	3.7211121339319972
343	2916	4.202974870284173
343	1037	3.1427391948558316
343	435	3.083779431769657
343	1127	4.176504583689698
343	1129	3.9823635451351445
343	2009	4.003816608353553
343	1136	4.858279113455753
343	2011	3.798497951267433
343	2012	3.7477423421761946
343	1210	4.514619896491108
343	2021	3.8043597214022546
343	3698	3.681966137515151
343	3699	3.9570144806021856
343	480	4.243516739535061
343	2105	3.8342299259169876
343	2038	3.3813291060082173
343	1097	4.542252235394752
343	2046	3.928835380613397
355	1320	3.1396887082971925
355	2529	3.8133991414459274
355	2530	3.005662175689108
355	2533	3.1373665974833735
355	3452	3.248101119410576
355	1200	4.10212862187648
355	3752	3.1856187653514167
355	1214	3.9101631636325185
368	2542	4.298016570687245
392	1262	4.458061994265991
392	1193	4.564331307631918
392	3897	4.195861851134911
392	3114	4.357091157134778
392	3098	4.030625030937983
392	1694	3.8159029941529203
392	2912	3.747000261978004
392	529	4.02736331048592
403	3536	3.9759129992250104
403	3554	3.7459126520870756
404	3498	4.146710650258748
405	1695	3.6650381920821355
405	154	3.742755628006202
405	82	3.948724580128995
411	3831	3.395013923525647
412	3897	4.992123971122192
412	1571	4.616289473833458
412	3911	4.871459058899703
424	1265	4.168588646619274
424	3018	4.100206281369726
424	1275	4.414368437319449
424	3020	3.9098674733437053
424	3029	3.703893305673383
424	2088	3.0491046613691632
424	900	4.203748190119413
424	1298	4.051429608549809
424	2259	3.2258534628828626
424	2403	4.1256361203519685
424	2406	4.275924331243315
424	2409	3.6624729232157884
424	2268	4.212229272323742
424	1610	4.236260099939331
424	2421	3.078141139411111
424	2422	2.5335643639295586
424	2427	3.604510341462975
424	3254	3.2156625249812323
424	3256	4.139967024418512
424	2457	3.7828612868656357
424	3418	4.102354865845104
424	3274	3.506831817624249
424	1676	3.5366988249727824
424	2628	3.687286772020439
424	2642	2.8059709470412812
424	2643	2.377048068955663
424	3635	4.0510565253417905
424	3494	4.09881312031139
424	3498	4.407751792624308
424	474	4.13635342283372
424	493	3.86080466477462
424	2115	4.105475497863952
424	2149	2.5936882135222126
424	3107	3.7269837034388886
424	1370	3.8399417316288362
424	1380	4.097500771914598
424	1388	3.0368748527274487
424	2353	3.9500689658177177
424	1704	4.335249056904669
424	2366	4.361023639046474
424	899	4.724951670977844
424	3359	4.451320290953041
424	3361	4.256314911661763
424	2713	2.907769324581781
424	3516	4.166346731480813
424	2572	3.7335910647384183
424	3525	3.7020621355515213
424	349	4.138496504446296
424	2900	3.1912423315450495
424	1961	4.416523353828647
424	1030	3.5814243480020442
424	1031	3.9032831000724224
424	1032	4.322589021532527
424	1035	4.300767759632624
424	2922	4.152827424659454
424	377	4.088006596433194
424	380	4.012947466994436
424	2000	4.386922820269679
424	2005	3.9206664009136705
424	2947	4.537680071232143
424	2949	4.360880883154815
424	1210	4.238848210594678
424	2013	3.953667772794459
424	1086	4.512696644936704
424	3916	4.292793594817741
453	1254	4.3992627319767665
453	3897	4.274851503287871
453	1732	3.8805372170784795
453	2731	4.4263389214859865
453	1967	3.8830031260629707
453	3911	4.150569958953934
462	3146	2.9360693647345215
462	2502	3.8533254924235023
462	1921	3.819411133480857
462	84	3.3680794922094943
480	3408	3.7970258398778958
480	3623	2.7827637250018347
480	3301	3.067334773534528
487	3893	3.123151858602629
496	587	3.723431073031261
496	3945	2.0765488602503153
496	2060	3.559709873496737
496	3948	4.154396786855872
496	733	4.232608359305541
496	741	4.496626465586051
496	2617	3.7528631381919597
496	3421	4.709516190848474
496	260	4.7816162539469875
496	457	4.630650409907642
496	3827	3.878181701061139
496	648	4.156931103115879
496	3861	3.5233840676836543
496	1196	4.622588204083581
496	3155	3.850638831936828
496	2502	4.360236245070002
496	2504	3.324067566135334
496	110	4.661471512603916
496	2706	4.246785013712219
496	3510	4.196298332923069
496	2717	3.3784297349334946
496	1968	4.337350348393692
496	533	3.1582063084019096
496	3751	4.350280789526559
496	541	4.346575023597279
496	1242	4.656885824365495
496	3785	3.5187942590243653
528	3793	4.091988555086316
528	750	4.550478512842405
528	1629	3.064503353023588
528	435	2.4939646265087325
528	3827	3.6005377680895423
528	2122	2.5037517008288805
528	3177	2.78567090376061
528	2762	4.4146155088039425
528	3901	2.686247803570396
528	3909	2.7782983740347893
531	3791	3.229435128807687
531	2052	2.769874674560362
531	2058	3.3276493951857824
531	1258	3.957140091120541
531	589	4.170821025293006
531	3005	3.223524921527823
531	3948	3.623847552256154
531	733	3.7356285593365084
531	592	3.8409248249959624
531	594	4.043572220740098
531	596	3.8707438929819067
531	742	2.4010667570157493
531	1431	2.4754421945098573
531	2093	2.7500190892675263
531	1291	4.435991774808921
531	1438	2.5491325789114976
531	908	4.45793411279929
531	912	4.427497031417548
531	2249	3.29805338413771
531	917	3.723428865872232
531	3052	3.8623844748299994
531	780	3.366507212861809
531	926	4.269857819346274
531	3203	3.4842224562142436
531	3063	2.777624062892748
531	2263	3.146099284242009
531	1608	3.166300500982586
531	932	3.767297412991573
531	1466	3.665242695856055
531	938	3.700075498583908
531	798	2.564718595678754
531	1610	3.632095066098538
531	1615	3.4283561633714386
531	2273	3.5655821133152217
531	2279	2.6774432362898213
531	2420	3.5556810638734246
531	2421	2.6600336380634118
531	2422	1.9974294653885145
531	3082	3.336178184138221
531	1629	2.8099348096814096
531	1499	2.0813316240260193
531	969	4.35512018014073
531	3249	3.21408768747072
531	3256	3.7026187079573982
531	986	3.3922033428793408
531	2605	2.958355662945603
531	2616	2.651622714577832
531	2617	3.1372277650625606
531	3274	3.137770359219603
531	200	2.758095155172815
531	203	2.880885510762825
531	225	3.214845318512868
531	2640	3.6553037219776883
531	2641	3.5072940919784914
531	2642	2.5897632456101474
531	2643	1.8752732926489148
531	234	2.187012289227033
531	2803	3.111897715591283
531	2804	3.825049063665337
531	2805	2.8441985856945085
531	1863	2.231456812134706
531	260	3.9123030001131447
531	3480	3.6600144112816944
531	2826	2.7842917291873803
531	3483	3.0648377647484937
531	2835	2.611809059332475
531	422	2.994462854111908
531	288	3.083594741164005
531	2840	2.675502805333971
531	2841	3.6511521514101712
531	1103	3.9161579753227316
531	1104	4.1161111231644885
531	438	2.6013366363262715
531	447	2.5410743975756
531	3668	3.7799738397913853
531	457	4.12835330088153
531	3812	3.3108437125224714
531	606	2.1141678896208744
531	2881	2.898459453324091
531	3686	3.285012729449663
531	2886	2.379927903320414
531	474	3.750714156697806
531	3835	2.7156529853972344
531	480	3.900604901489967
531	481	3.3663630765991925
531	628	3.8235402495280244
531	3844	3.616339827388739
531	2107	2.795507947359968
531	490	3.227303908140737
531	2115	4.1296809209504515
531	2120	2.7860235515720615
531	2122	2.4265346888384367
531	1333	3.7575787924936073
531	2137	3.8676227381415247
531	1193	3.7675266163264007
531	662	2.8639276851321247
531	1196	3.690656605861455
531	1198	4.178589483278742
531	1342	2.7317381482621292
531	1343	3.529433663627706
531	1347	3.413137704735366
531	2153	1.7983829775281375
531	2154	2.740718126984073
531	3895	2.217620286331931
531	3101	3.7066530070713006
531	3102	3.490065934402104
531	3107	3.37906949458301
531	836	2.5088960374989093
531	2312	3.6911105284312544
531	1515	2.5045606329652927
531	1370	3.15960427474191
531	2321	3.328187536210318
531	1387	3.466654016493957
531	858	4.368457966453209
531	2334	2.8755700536739774
531	1390	3.135272440580428
531	1391	2.371126020817598
531	2194	3.6816378408826718
531	1544	2.8396528394187035
531	2353	3.186426143579396
531	880	2.050946245771965
531	2505	2.6857194833849087
531	1707	1.765211777089525
531	1562	2.034233905693991
531	2513	2.8034700089621096
531	3317	3.8894898483085116
531	1573	4.843264244190744
531	1722	3.2975886102382854
531	2387	2.6164014932385005
531	2389	2.3148648617913317
531	3194	3.062550873292885
531	2539	3.260370617620831
531	2398	3.843490929789845
531	2399	2.622733965161319
531	1598	2.5914715360363205
531	2546	2.8143896213277944
531	2551	2.960335705204186
531	2555	1.4863129039604832
531	3502	3.4675420826117924
531	3507	3.986446270357176
531	2707	3.3189272841285975
531	2709	3.073112453069524
531	2710	2.8957261355343626
531	2713	2.2296681162886536
531	1911	2.6275705433542504
531	2571	4.212926287760329
531	300	3.6614125784563525
531	2719	2.1737572184589276
531	1917	2.999941041441438
531	1779	2.5149219786209334
531	165	3.2474182915444456
531	2722	2.6903349307509656
531	1921	3.4880971832912633
531	316	3.2964942356410787
531	174	2.298036807859676
531	175	3.104888933377976
531	3396	3.618994079299203
531	1792	2.9459830888736285
531	185	2.9839855677441847
531	1003	2.9074819086509938
531	2747	3.2570349481236747
531	1009	3.142851399518928
531	10	3.731253978460592
531	333	3.6255482612724634
531	12	2.2162451142093227
531	196	2.8341070772348913
531	1013	3.6085544324968604
531	3557	2.719404715815651
531	1017	3.461875786889787
531	1955	3.8088927163468758
531	1959	3.5834915010980524
531	344	3.9972733185071223
531	22	3.4582252756626057
531	345	3.538887845681744
531	349	3.44262625528192
531	2762	4.6900904269322385
531	2763	3.585065513540815
531	1961	3.8903120952537074
531	1969	2.5273558276307684
531	2916	3.012630169172858
531	2770	3.1030081689430964
531	1970	2.6093913662231
531	1971	2.33583090801024
531	1972	2.0671732350134144
531	1973	2.1134673970820486
531	1036	3.6098901463073947
531	360	2.4101443604319095
531	366	2.8186112404419132
531	44	2.6523500222478797
531	47	4.446740744871182
531	1042	3.3786550105069186
531	1982	3.6052810021592983
531	1047	3.2954301736355753
531	1049	3.161444828066919
531	50	4.512843515744804
531	374	2.1428568869634046
531	3591	3.340235006943416
531	1994	3.608290039334929
531	1203	4.1773238997503945
531	1207	4.0441112847807
531	2018	3.8672057594725175
531	1219	4.241348258488123
531	540	2.1389901814273755
531	87	2.2154627238882596
531	3901	2.326289985883885
531	2961	2.5887931130946
531	2027	2.3042580311510985
531	1086	3.944648311416984
531	1089	3.681484497638526
531	95	2.675051385671822
531	3911	3.806777617255607
531	707	2.9813951469825337
531	1099	4.070153737560035
531	1240	4.056165839720039
531	1246	4.090016170080077
531	1247	4.06551134681869
549	3225	2.9863387728672777
549	3400	3.0815005641750064
549	3298	3.9381058358841643
549	3615	3.8804699846774464
549	3481	4.212650195547876
549	3484	2.738848876850317
549	3882	3.6139336177237373
549	3185	3.837321770038644
549	3512	3.9625385986612858
549	3534	3.419240093398706
549	3554	4.0182933862982715
549	3564	2.3229477480502663
549	3755	3.379153265658731
549	3911	4.414137348642784
583	587	4.215098389807312
583	2245	3.864346974514566
583	910	4.754405234078052
583	2259	3.2729268617503147
583	2409	3.638473346775463
583	2410	3.38214100885188
583	2411	3.1916161727040593
583	2412	2.664030080327102
583	2617	3.7537574474646647
583	218	3.6312597263967477
583	2640	4.018227556998573
583	2641	3.5825281785265117
583	2642	2.832725364332748
583	2643	2.3766502774696505
583	435	3.0435818019714294
583	3684	3.770649122955674
583	2119	2.7883441060556375
583	2122	2.8854982079889964
583	3186	3.908626965448779
583	3527	4.069995890758129
583	312	2.898436993285074
583	3534	3.5742274146407897
583	186	3.274683584482478
583	1954	4.382025232894316
583	1958	4.073862619374501
583	2908	4.504951970067462
583	353	3.8507628820171425
583	708	3.9012091734179526
584	3948	3.8414447324252747
584	590	4.066876305674824
584	3952	3.903640687117444
584	296	4.4377969418709915
584	2858	4.459157012762866
584	608	4.393925437948755
584	475	3.9875896554738444
584	1393	3.925614833833264
584	2357	4.333578796120556
584	1721	3.730231939647512
584	110	4.3420087502503995
584	150	4.2006070073208726
584	36	4.0793060404427415
584	3578	4.227133790502138
584	1041	4.140290150422405
587	1278	3.940337796897846
587	3037	3.408215299193564
587	3897	3.2911329334587496
587	1704	3.3566281992699905
587	1596	3.0737751854859994
587	3363	3.155253252656955
587	2599	3.2393508939182465
587	358	2.519307511366633
611	3826	2.802274627654618
611	2881	3.412332143976843
611	2975	3.2588705502186053
623	3950	3.7460127671205585
623	1272	4.70204888432086
624	3798	3.2893922688338653
624	3948	3.4612139282305354
624	3950	3.2150324710668134
624	3623	3.0805463144662277
624	3865	3.0187232800431474
624	3897	4.0797624484847494
624	2959	3.8279894739572713
624	3911	3.995690459363649
624	3916	3.751263855253622
626	2905	4.52338167318208
639	2054	3.296927435026446
639	590	4.344840993824142
639	2095	3.193692850193882
639	2410	3.217744345372605
639	2411	3.1353262625731877
639	2412	2.626719248824724
639	2453	3.3828578002482272
639	2642	2.715892299526863
639	2643	2.3231856032611633
639	1136	3.9741623531063266
639	2161	3.767622058829008
639	839	2.626179123769577
639	2399	2.9431666501851104
639	3396	3.7273978951545272
639	1967	3.774037580992989
639	2779	3.767750878840474
648	3948	3.7223763781577115
648	3952	3.842268379750009
648	3827	3.4851420945347367
648	3865	3.346114563180744
648	3893	3.6280474255187114
648	3897	4.371402177089974
648	3317	4.099932108724665
648	3911	4.287158968007915
667	3004	2.5283536490959695
667	3949	4.306363103186378
667	3409	3.349187135846463
667	3452	3.1836665397215556
667	3623	3.483767411961315
667	3624	3.5787538905023806
667	3857	2.7514205014307396
667	3879	2.8312953996369985
667	3316	2.856722233097604
667	3510	3.7493159149235122
667	3717	2.967231532654679
667	2770	3.1459213056294892
667	2979	2.5236652463923424
678	2989	3.6154484928378774
678	2050	2.952379808623346
678	2051	2.860739930061515
678	3937	3.116234969619
678	3791	3.2885001404638436
678	2052	3.108707190556051
678	2990	3.344320265653401
678	2053	2.550398858252051
678	2054	3.395190751866392
678	2059	3.636625601527186
678	724	3.307898979380186
678	586	3.3177716282717387
678	587	3.822605722010159
678	2	3.3785893938556106
678	4	2.8409779802389856
678	1407	3.8668770928853022
678	1408	4.071848555938434
678	2065	3.6796663321636207
678	1409	3.2510220798453155
678	1266	4.1614520247449445
678	733	4.150330152280028
678	2069	3.8530728406628265
678	590	4.278665218954526
678	736	3.6493908029273396
678	593	3.7737228491670103
678	596	4.121341516218403
678	597	4.1521634319128555
678	3016	3.3955387091046965
678	3017	2.8039785584434544
678	1414	3.7730349520792794
678	2071	4.081000266234828
678	1416	3.506748574213749
678	1271	3.9748533938675545
678	1275	4.092473898015777
678	742	2.62741665013913
678	2078	4.061494350129081
678	748	3.5038545917427824
678	3020	3.6904817940270123
678	2080	4.212374366593316
678	2082	3.0536767746861586
678	2083	3.856028582932681
678	2084	3.3669880618618953
678	2085	3.9088550075250783
678	2086	3.7052998819432603
678	2087	3.9682079223555538
678	2088	2.8494548373681132
678	2089	3.506107882127978
678	3033	3.563386020189962
678	2231	3.758051081639567
678	2090	3.7486338862792525
678	2091	3.1569497965542324
678	2092	2.7372781726239515
678	1290	3.6998454459523358
678	2093	3.195521536224321
678	2094	3.466344331545689
678	1292	4.255765265520341
678	2095	3.248292582603289
678	2097	3.6262295760183245
678	2099	3.8498662951772515
678	3040	3.480672021503198
678	2240	3.699064777144755
678	3045	3.248244506833574
678	1441	3.6333108347812755
678	2245	3.7363356184003362
678	3048	2.6288891771948335
678	2249	3.3969352905752417
678	778	3.955886931218008
678	3053	3.1019429651049117
678	3054	2.3824737199309287
678	2255	2.8781180280951966
678	1453	2.7028269163245855
678	920	4.2744124915145045
678	2259	2.991244433674303
678	780	3.430119744962468
678	927	4.0504358598345895
678	783	3.5779890432511405
678	786	3.403644817000109
678	788	3.2204211885280336
678	3203	3.836752563421408
678	2402	3.032882794014664
678	2403	3.5892059905376756
678	3060	4.027117667350389
678	2404	2.505065329987851
678	2405	3.4102466459824137
678	1603	3.0030618127776947
678	2407	3.9773731280600324
678	2261	3.6069024494647883
678	2408	2.8638631233553586
678	2262	3.4248799228084033
678	1606	2.6659202297452227
678	2263	3.305762933697085
678	1608	3.9758399204793946
678	1464	3.46510022103213
678	799	3.5112567494800615
678	2410	3.0576150445521466
678	3213	3.897163830950237
678	2411	2.872544329260214
678	1610	4.339723422990247
678	1611	3.52571776590511
678	3070	3.7305634508414145
678	2414	3.5935563984010166
678	1612	3.503560530391452
678	2415	3.1773780325513177
678	2416	3.362777160603985
678	1614	3.5810893133217543
678	3219	3.413525404268038
678	2419	3.4015750087244707
678	2273	3.662435164955744
678	1619	3.569732425624107
678	2420	3.687607728849485
678	2421	2.9243665047431078
678	2422	2.367687677018894
678	2423	3.635829340146053
678	2424	3.3861244780316233
678	3081	3.579334041617805
678	1625	4.023614005692168
678	2429	3.0311867645616135
678	3087	3.560991839635319
678	950	4.420712300205783
678	2286	2.777702870691432
678	2288	3.852700649976361
678	953	4.63023084733045
678	2432	3.3140392589049
678	2437	3.8730097084557835
678	3094	4.021479721071139
678	2294	3.627479464180826
678	1639	4.0975728063796595
678	2297	3.169009207187905
678	1495	1.8251569704195603
678	3243	2.7149855648822907
678	3244	3.820410279855901
678	1641	4.378470802560502
678	3246	4.14551904655458
678	3247	3.652082471010522
678	3248	2.874333124737483
678	2446	2.721740510591365
678	1644	2.578562151193713
678	3249	3.268983270080585
678	2447	3.293240983816529
678	3250	3.4823861220518117
678	3252	3.9512052947899714
678	2450	2.321691698333885
678	3253	3.635280806485048
678	3254	2.9554079308622985
678	3255	3.9680586427952327
678	2453	3.415476975223343
678	3257	3.1881753107733664
678	2455	3.7115103761494046
678	1653	3.720855730105725
678	3258	2.9435627334804857
678	2456	2.5288095493828564
678	2457	3.5761259832274015
678	1656	3.592753787487745
678	984	2.9584809959107337
678	3401	2.452372271985056
678	3261	3.637317881474928
678	3409	3.4336200728010895
678	3263	3.3855051410880357
678	2607	4.245881981083084
678	1805	3.749212546496884
678	3264	3.1348481296859863
678	2463	3.670602778247751
678	3269	3.447589092100564
678	2468	3.0161945938564036
678	2469	3.6034888433503016
678	992	2.945483077049162
678	2613	3.3497265155127485
678	3270	3.5096682455665626
678	3271	4.000068108885223
678	2615	3.2531067247376844
678	2616	2.8595267799124824
678	2470	3.679262317422271
678	2617	3.6647736135161164
678	2471	2.878912673681127
678	3274	3.2438654955692323
678	2473	2.61080313929951
678	2474	3.6371425734087093
678	203	3.220779909969502
678	2477	2.6063495252340716
678	2478	3.2640850463769144
678	1676	3.4877123063408764
678	208	2.818078957962257
678	3421	4.233422780414066
678	1821	3.379299108348627
678	1681	2.2934125616916954
678	1682	3.995570243219822
678	1688	3.688627090397076
678	218	3.498709386602653
678	1831	2.925082545911184
678	3436	2.97937135797475
678	3438	3.175507361941169
678	1834	4.129591177315733
678	3439	2.3643289884842815
678	2491	2.8059181835421194
678	1835	3.443860396528608
678	1690	2.98646326278304
678	222	3.714601447397982
678	223	4.309799330607884
678	2496	3.425570758923572
678	224	3.5221121142884315
678	1696	3.6103345382106586
678	3441	3.489867691932188
678	2640	3.844342419073341
678	2641	3.478958287482174
678	2642	2.4749451182902296
678	2643	2.030251575113483
678	3449	3.252442104300099
678	230	3.6847164565921924
678	234	2.434331035078134
678	235	3.6165721370046944
678	236	3.4185077956180674
678	238	2.9773347790149405
678	2655	2.1958399129518313
678	3459	3.1906095771457186
678	2800	3.656557643342865
678	2802	3.213747418476468
678	2803	3.595312607333471
678	2805	2.981436947070413
678	3608	3.466241403031711
678	2808	2.683128614375339
678	2668	2.7408683755217824
678	1867	2.7194132156618
678	253	3.697288577943045
678	3615	3.402212613844752
678	2815	2.787487288646949
678	2671	3.9066569432434908
678	3476	3.7796456256790227
678	3477	3.2585047338584565
678	3478	3.5097883627609745
678	3479	3.972653880256534
678	1876	3.5751897783388373
678	261	3.856650777117126
678	408	3.7112886672942977
678	410	3.142860276620497
678	1881	3.0874159162132218
678	1882	2.42731307849402
678	3489	3.332299989617769
678	1885	3.7880168701222314
678	415	2.586854722498127
678	273	3.062594370266535
678	275	2.9786057079603974
678	2837	3.7274818115475323
678	3497	3.301804083337149
678	3498	4.113596187251818
678	3499	4.022555394366655
678	426	3.228929277667583
678	2699	3.0301478848343733
678	427	2.512277633068906
678	282	3.4090740332283773
678	288	3.1624062517647333
678	2840	2.9807391731598445
678	1101	3.995809636970609
678	2841	3.810663628702796
678	3649	3.2495115440848497
678	430	2.793957384491408
678	2849	3.18254431804777
678	436	2.812514496643204
678	299	3.829077690438435
678	2851	2.688625611945516
678	442	3.2352585222724994
678	3802	2.6692330534905886
678	3807	3.4935607036694676
678	3809	3.385743775800209
678	2862	2.8624652783280107
678	2864	3.0338873041812846
678	3669	2.6454193260321306
678	2867	3.6863768243635318
678	1128	3.026129803552846
678	2868	2.3979704164949647
678	1129	3.627926220429856
678	450	3.4801458696017575
678	454	3.664195162645247
678	455	2.9402510775424324
678	457	3.9802035065060863
678	3671	4.0980974501231655
678	3672	3.326419534567593
678	3674	2.902752306793578
678	2872	4.178905561766828
678	1135	3.487260649801576
678	2875	3.419690283624835
678	2877	3.1699772155371524
678	2881	3.2717183893786324
678	3684	3.5578293135651964
678	610	3.7427271862933122
678	3686	3.426367928280761
678	2884	2.7022639735812177
678	3688	2.8994454419908346
678	3689	2.321559350968379
678	616	3.5789296825102985
678	2889	3.577858917769217
678	3834	3.027486141460338
678	3835	2.936487747762645
678	3690	2.292411991257903
678	2891	3.6135537139301444
678	3698	3.343872995107455
678	3699	3.918221731708273
678	2898	2.9582715003258344
678	481	3.5849836493540383
678	628	4.075026843972708
678	486	3.1671798926171237
678	489	2.745556425073382
678	2102	3.669125101869634
678	2105	4.03944329709719
678	2106	3.468023082576462
678	3846	3.32465558182787
678	2109	3.8665465284016864
678	491	3.547124519004062
678	497	4.1546320235735905
678	2112	3.819745220918826
678	2115	3.8584444410590173
678	2117	3.8357988538290133
678	2120	3.0787202056600087
678	2121	2.9061257994514444
678	2122	2.707414236997426
678	1320	3.064884194766654
678	2123	3.1852277675148977
678	2124	3.528190327325155
678	2125	3.969873718333303
678	1323	1.7661379827067043
678	1326	2.3681027751142385
678	1327	2.901307350200582
678	1183	4.081763138959413
678	653	3.4953850865428597
678	1188	4.225801967319066
678	1330	3.1940025224803335
678	2133	3.5824010859606634
678	2134	3.591043316452511
678	2136	3.363416364109219
678	2137	4.059761955878471
678	802	3.6461053381607957
678	3877	2.233627899367216
678	1191	3.3312101116389363
678	1192	4.253246489736882
678	1339	3.4101842638493736
678	2140	3.9653551996594643
678	3882	3.4655213163946934
678	2144	4.056201335826431
678	2145	3.7317388365741655
678	1343	3.749390811420147
678	2146	3.3416461362789245
678	1345	3.76850745407248
678	2148	3.0442973616992957
678	1346	3.331014602329983
678	2149	2.45613016542287
678	818	2.780642510448224
678	673	2.79663046633605
678	674	3.0796305045027115
678	1350	3.787101379596137
678	2153	2.1633985308888426
678	1353	3.4013210051318654
678	1356	3.9925873234330402
678	685	3.4771716797262493
678	3101	3.859345513928421
678	2300	4.36415852608295
678	2301	3.6893369067728763
678	2302	3.978948239119173
678	3107	3.7460604443026466
678	3108	3.8935960063037918
678	2161	3.8776936074527173
678	2162	2.6771426366125657
678	2165	3.618514191713129
678	1363	3.1399438831574296
678	830	3.3187788705730608
678	2167	3.6461219890518994
678	832	3.6651560092337894
678	2168	3.387021283031529
678	1367	3.2753662639171575
678	839	2.526287152972633
678	2311	3.599816794610651
678	1513	3.170470215537661
678	2316	3.115940219382771
678	1370	3.927667853470167
678	1371	3.487729529164906
678	2174	3.7406935787868294
678	1372	3.7288642905110914
678	1373	2.8376207853590483
678	1374	4.441241281005212
678	1375	3.623703636815858
678	1377	3.2016478091952782
678	3120	3.1836793649614297
678	2320	3.3114711890482766
678	2322	2.9904757341230765
678	3125	3.771582085120034
678	2324	4.4615198433661805
678	1380	3.677871178902166
678	1527	4.038286310820013
678	1381	2.2464719297166527
678	1385	3.38504082483843
678	2188	2.883822814059392
678	1389	2.0369205751788217
678	2337	3.3911257393240044
678	1535	3.6412554832411637
678	2193	3.7272739662182284
678	1391	2.979155164314263
678	1393	4.143929327142969
678	860	3.775159688203891
678	1396	3.934745068564176
678	2340	3.5931179797929076
678	3148	4.231543915680303
678	1547	3.6189698738154603
678	879	3.0009955997944964
678	1552	3.5669548140218423
678	3157	3.379473131506627
678	2355	4.019535338706799
678	1554	3.724315212688956
678	1556	2.07513745020375
678	880	2.3442729692381223
678	2502	3.8633012954140855
678	2504	2.9942962865554463
678	1702	2.905713581898842
678	3163	3.7503268627411823
678	1562	2.310618932550828
678	2367	3.0061194079954587
678	2368	2.0420623967102087
678	1566	3.5531489469819877
678	2369	3.2260505669510553
678	1569	3.6135858973116353
678	2513	3.107202252568565
678	3317	4.165846617201391
678	1713	3.3471015023240165
678	2370	3.6513276135029153
678	2517	3.1757350107849307
678	2518	3.7375297083447285
678	3175	3.8219350927596802
678	2373	2.647615919546858
678	1717	3.041411131263319
678	2374	3.1757490084798734
678	2375	3.0951220251337737
678	1573	3.6906415186878743
678	2376	3.4219223932658287
678	2377	3.1582841105332946
678	2378	3.1711624483424927
678	2379	2.5914287635930724
678	3325	2.5345614130230896
678	1722	3.336808252378151
678	2527	3.5874683988644054
678	2528	3.7034411428413034
678	1580	3.5158212504481714
678	2529	3.8521385414353357
678	1727	3.447467185590968
678	1586	3.37617265780992
678	1587	3.5240159717789212
678	1588	3.380591150285115
678	2530	3.276185569532347
678	2531	3.0561123113424875
678	2532	3.097763417020034
678	2533	3.267025863422573
678	1733	3.333310729408287
678	2390	3.895182035654274
678	3194	3.574756665025412
678	2539	3.551939101159476
678	2393	3.4537026915144287
678	1591	2.8270522173337995
678	3197	3.559283933343429
678	2395	3.6766771722465945
678	1593	3.0231603952292114
678	2397	3.5901520392687654
678	125	3.9871044099285586
678	2541	3.4701741851312415
678	2542	4.143107205125049
678	2548	2.440445963403046
678	1747	3.6573546070383554
678	1748	3.9981368826586485
678	2558	2.8573116647080834
678	141	3.784038629453729
678	1758	3.7307829642446344
678	145	3.4468089050962094
678	3506	3.56070328844747
678	2706	3.8691678411602997
678	2707	3.664633463201776
678	1909	3.5385130353320617
678	151	3.6651887329624158
678	1769	3.3798003769251945
678	153	2.7607086324699437
678	158	3.231100433679861
678	2710	3.0158263846369215
678	1911	3.04572307039977
678	3516	3.920012853779503
678	3370	3.6029590912486142
678	1912	4.080482366300359
678	2715	2.899079074084566
678	2717	3.1655609357828696
678	2719	2.445991474357133
678	1917	3.462623713397648
678	1918	3.1821816203103355
678	303	3.326757444751147
678	160	2.4452345096391768
678	1777	3.579779761066183
678	161	3.8925628209558636
678	1779	2.7032657616086757
678	165	3.873340182441736
678	3524	3.7342964874797504
678	2722	3.0286407247972305
678	3525	3.3196616742853817
678	2724	3.373334202726962
678	2725	3.941649633363398
678	3528	3.4867034945204063
678	2580	4.141540677327252
678	2581	3.376059788179966
678	3386	3.8712932280666665
678	3388	2.980000908238803
678	1784	4.236607065047896
678	316	3.820133075295891
678	317	3.5087084153306534
678	171	3.7317255724139793
678	173	2.6313524887266517
678	177	3.030663579229438
678	178	3.595251287847447
678	2733	2.7747682663419275
678	2734	3.566738077185227
678	3391	2.5138904447151025
678	2735	3.0327361710459826
678	3393	2.4575728561929173
678	3396	4.096340153075008
678	322	3.8988561757799483
678	3398	3.6867214918872833
678	1794	3.6206748802958257
678	324	3.9663796216869502
678	3399	3.3529541318402583
678	180	3.818013125346504
678	327	2.8294899788165813
678	181	1.891507525675424
678	329	3.610106360876538
678	185	2.9947814368307966
678	186	2.8993559966485725
678	187	3.3069075135197816
678	188	3.5934357031604165
678	2746	3.6586100894436413
678	1007	3.211824092849044
678	2748	2.387520104440381
678	1009	3.4972403461809853
678	2749	3.3791844873292054
678	10	3.601540435508868
678	12	2.5206627343802896
678	15	2.6027858112665907
678	338	3.112728509338384
678	16	3.8157440490102914
678	339	3.7656125659642923
678	193	2.3417996270679935
678	195	3.0046063355831105
678	196	3.056353996529697
678	198	3.5901610913596858
678	1010	3.4739856899310637
678	3552	3.8586317173126736
678	1011	3.0303972470057925
678	2752	3.2034647434456534
678	1013	3.924100685335995
678	2753	3.683815470729083
678	1951	3.94833578064473
678	1014	3.6024289004460703
678	1015	3.6100927536784413
678	2755	3.0113810331379423
678	2756	3.395806251647494
678	1955	3.9704043437235024
678	1956	4.177527923426665
678	1958	3.964841484799513
678	342	3.958761350156493
678	1959	4.029056011363494
678	345	3.9938847431018933
678	24	3.2977024435435207
678	348	3.7822116440568645
678	3701	3.455508498114549
678	2900	2.8611219772009835
678	3703	3.954804264759372
678	2901	3.4007851964095366
678	2902	2.6719747514758097
678	3705	2.828037493404079
678	2903	2.201700092952899
678	3707	3.2407506971615163
678	1020	3.540437837310249
678	3708	3.2533117479961344
678	1021	2.9629891773975197
678	3709	2.604829588269825
678	1022	4.170914275386646
678	3564	2.1330487063414445
678	1960	4.254333294572325
678	1023	4.145261362354298
678	1024	3.515693780581772
678	1025	3.8332629354279337
678	1027	3.357444221483591
678	1028	4.275116808003376
678	1029	4.056710081709966
678	1967	3.8580324624350504
678	351	3.517832596446041
678	1969	2.5376475829280456
678	353	3.754833847960024
678	31	3.3617974924429945
678	355	2.697436829988922
678	356	4.222698656202598
678	357	3.9591686764403433
678	3712	3.3556535665333
678	3714	3.4791012508405608
678	2912	3.9035089526120097
678	3716	2.5410539071026697
678	1030	3.3670934483877675
678	2916	3.9927648784508145
678	1031	3.698103301821647
678	2917	4.2661917091235
678	1970	2.7740323160434235
678	1033	3.6366086793006978
678	500	3.6133159981457026
678	3575	3.5919953695755167
678	1971	2.4085750088960176
678	1972	2.2047176435149978
678	502	2.2863936317661526
678	1037	2.890840788626321
678	1975	2.6825384485885833
678	2779	3.783862960612394
678	508	4.0545704237281885
678	1979	2.560076377556337
678	364	4.290033507926767
678	366	2.9179790066201554
678	44	2.9539317581622893
678	367	3.547202856027587
678	47	4.166418935120923
678	48	3.2697270539453127
678	3584	2.950778568781478
678	1980	2.477117946267488
678	1982	3.800566021770643
678	1984	2.3284701336785463
678	1047	3.675153079774765
678	514	3.746436741156472
678	2787	3.074140769305532
678	2788	4.308314059512062
678	2789	3.1348511960049086
678	517	3.391198224531583
678	372	3.2761279503800975
678	377	3.9553791003163514
678	57	3.5508471240197306
678	379	3.0462993884274794
678	3732	3.2339027848755406
678	3591	3.682260015145529
678	2790	2.904253483392404
678	2792	3.0191096782182005
678	520	3.0194898172582874
678	1991	2.979307113040274
678	2794	3.1006401898456115
678	2795	3.9215334663190347
678	1994	3.913672215450043
678	1995	2.662956169687819
678	1996	2.112385450658984
678	1059	3.6224403816268715
678	380	3.6932795369144142
678	1999	2.979064955804601
678	65	2.3026168754773417
678	388	3.89790071701533
678	3740	3.6896413473886587
678	2001	3.8154858651898573
678	2003	3.5197573496164036
678	2941	3.821506363460764
678	2004	2.78922159644537
678	2942	3.4374898616209366
678	2005	3.747703305761667
678	2006	3.815590513420946
678	1205	3.7077578432596874
678	1060	4.112473438994813
678	1064	3.1343460306187096
678	533	2.928487401412929
678	537	3.3882287618041325
678	538	4.117343587980623
678	539	3.9213119691875034
678	2011	3.707042665966452
678	2012	3.7632727796248533
678	2950	2.4385422072606646
678	2014	3.398173386185799
678	1212	4.611650909656936
678	3754	2.6120776209952417
678	2953	2.637948816843
678	2016	2.905946213809485
678	1215	4.114221913539362
678	3758	2.9287209318443166
678	2956	3.2827737263718557
678	3759	3.5639674825426266
678	540	2.4151433382239067
678	2959	4.482188283121938
678	542	2.934496210561541
678	544	2.9048425893745473
678	1079	4.152223200923835
678	546	2.2383879514986114
678	2021	3.6096225615816913
678	1220	3.9543755405628933
678	2023	3.298993803148063
678	2024	3.5293669402433157
678	3764	2.8374081239739324
678	2026	2.8771471057512645
678	2027	2.6914204975218468
678	2028	4.565626496587495
678	1081	3.7709427637142
678	550	3.298333016011296
678	552	3.4233823765565483
678	553	4.132289650089376
678	1088	3.747058144435621
678	92	2.6533837012407213
678	3911	4.239501090428222
678	3770	3.6850823975689266
678	3771	3.5988643314160207
678	3918	3.0384727540200798
678	2034	2.950296046990261
678	3776	3.56775098905997
678	2038	3.1492766816009863
678	1091	2.933659891381683
678	1092	3.7873471257792732
678	2978	3.0832264857888294
678	708	3.7852489760033357
678	709	3.3040140630429833
678	3927	3.776066986589404
678	2042	2.8201079778045366
678	2045	3.6430098800906925
678	3785	3.0666048844966456
678	2046	3.6919886207643535
678	2985	4.235766658511924
678	2048	3.8105102324503837
678	2986	2.5561469668241994
691	3578	4.243558989306543
691	1982	3.944114053228225
692	2245	3.594956297908979
692	3098	4.058041415637996
692	3266	3.9830926771045903
692	265	4.202760812044381
692	2692	4.587323468296974
692	3833	2.9714750796888514
692	3893	3.800359746979169
692	3896	3.6139028749502917
692	3897	4.692451651674556
692	3115	3.5113013035081333
692	2530	3.199625240711085
692	3515	3.511225954321028
692	180	3.767249704388826
692	353	3.704982728647329
692	3740	3.7639086523161303
692	562	4.262198366310063
696	2502	3.8819254051390404
696	3745	3.4048052273664764
710	2203	4.2068406221003345
710	2204	3.928395000093779
710	928	4.190160441435258
710	930	4.475924379772021
710	3266	3.6930688925018296
710	2692	4.4266756351367444
710	3882	3.3219235214308283
710	3893	3.6349556518636215
710	3896	3.452724278014379
710	2187	3.4413976891076796
710	2529	4.225812074335976
710	2530	2.9733227808119644
710	2531	2.7873576055002562
710	2532	3.075341524076836
710	2533	3.219537378724095
710	180	3.3491061449710937
710	353	3.6518416326310392
710	3752	3.1303268307599525
721	1250	4.469185660042879
721	3797	2.6551155162624536
721	1262	4.525954754637049
721	1272	4.283506571322425
721	1288	4.689901167608305
721	2097	3.595375418064056
721	908	4.729307994350495
721	910	4.479492139067386
721	922	4.708387241155565
721	928	4.245825881464897
721	3225	2.986721876343708
721	3089	4.532294135689324
721	953	4.510824985389097
721	3095	4.241433316659887
721	3250	3.620773171517268
721	2470	3.679833785152986
721	3273	3.315513662340278
721	2471	2.9968610150368122
721	3435	4.568162590776411
721	3299	2.540756158789373
721	3453	2.9004587645887145
721	3454	3.1520673909009065
721	2664	4.246000205755485
721	3468	4.308833607572828
721	3615	3.3586619096375685
721	3483	3.391333739889317
721	3498	4.126739023127741
721	1104	4.191321335444116
721	3646	2.756058511762136
721	3821	2.947038816310594
721	3825	3.23783852416718
721	3831	3.8269894345680524
721	1173	3.53118496951757
721	1193	4.426191988939389
721	1340	4.343795323997063
721	3882	3.5217019839672874
721	3893	3.6918950521768967
721	2300	4.3052454339251875
721	3111	3.850269837314339
721	3128	3.542006295425299
721	3301	3.7369787527598937
721	3316	3.2599822449071727
721	3325	2.6146630427432553
721	2539	3.3650626277201567
721	3198	4.256607378927357
721	2398	4.2104615245934935
721	3341	4.280025187244091
721	2728	4.08815284284417
721	318	4.5926114293586515
721	1012	3.877407727807843
721	1957	3.858421664978684
721	3564	2.192218510313213
721	1963	4.2744491821695885
721	3579	2.8184824280549057
721	3590	3.1900000945356743
721	62	3.8818849182779647
721	3743	2.9140034262032053
721	1203	4.4201496094913795
721	3745	3.6223483948702118
721	1207	4.505944954576846
721	3751	3.9717591352552826
721	3754	2.628516514233578
721	2019	4.5302257924708895
721	3912	2.6979149556897775
721	3916	4.261883531246802
721	1231	4.4131834783052915
721	1234	4.281573419342423
721	1090	4.105873814151297
727	3317	3.8651935873029832
727	3911	3.993356715911906
737	589	4.034476395985591
737	3418	3.5391519070578545
752	3797	1.8185290010661677
752	1257	3.4749517566880264
752	1258	3.7540189647618964
752	725	2.4554139428313424
752	3949	3.8940678781574594
752	1269	4.086012973305911
752	1276	3.6920169145672626
752	3024	1.8265500965835424
752	1282	3.202057987312163
752	2236	3.3422286783619293
752	2097	2.768731308993352
752	922	3.670251735351913
752	2403	2.884844961493032
752	2409	2.44890445098151
752	2410	1.9694689663522467
752	2411	1.5986619511373135
752	2412	1.2250348763902832
752	1476	2.5798295863481777
752	953	3.257720159013573
752	1488	2.1529470760321923
752	2291	3.898661034874764
752	3098	3.495509455596241
752	2450	1.8374252744479413
752	3259	2.5614935081203796
752	3274	2.0752168533697453
752	1821	2.407012140128094
752	1684	3.046895165578704
752	1690	2.2248279718167354
752	2640	2.307829957812499
752	3448	3.863592175509411
752	232	3.6349714839007725
752	1858	2.467038000542939
752	2804	4.026699798122595
752	3462	3.6490708303805683
752	408	2.832241105881074
752	272	3.441329071600292
752	438	1.7565276004163106
752	2877	2.622683806640523
752	3685	3.0636199597451275
752	3831	3.1152397025365146
752	3844	2.981860265472774
752	648	1.4352996013597181
752	1320	2.317390304403361
752	1321	3.3427909688496267
752	3865	3.02190756221724
752	3874	2.6489663597682123
752	3879	2.2779289301279206
752	1199	3.6386270404206025
752	3880	2.917217304217337
752	1345	2.8824891339408816
752	1347	3.0043025650140365
752	2153	1.358844800809189
752	1354	3.2453024685485037
752	2167	2.9854169190526556
752	1514	2.803366731558629
752	1377	2.174622720450067
752	1379	1.881064049542931
752	1380	2.760619380827606
752	2334	2.1538262827730477
752	3141	2.528985958493653
752	3145	2.8655370552669304
752	3146	2.2971389935451114
752	1554	3.0293530607987265
752	1561	2.9862204611243826
752	899	3.323129683405059
752	1711	2.4005322783302274
752	3320	3.2268890952750633
752	3330	3.2743014719143058
752	159	2.960965075940132
752	3527	2.8114939023428174
752	2583	3.1632689303262116
752	3390	1.4052875733453818
752	3392	1.3008156814445162
752	3718	3.108725097013015
752	44	2.343990793938733
752	370	3.0174548312349003
752	1054	2.583281232566494
752	1057	3.1055286922768595
752	2945	2.1643368282985023
752	72	3.0390464785975397
752	1210	3.556736499628091
752	2950	1.3644280075326918
752	82	3.5652975651866776
752	88	2.2709497133932337
752	3901	1.9346594556385628
752	2029	3.1189934713815712
752	1088	1.9469359074810537
752	3917	2.534599242187843
752	708	3.0605363506057257
752	1099	3.2969048641635776
752	3785	3.243012545967297
770	3359	4.006250684279198
770	1090	3.9772578697688865
774	733	3.401274901963435
774	3911	3.6887779899468986
791	2409	3.597211406904596
791	1204	4.695882905398537
791	1093	3.7628576641664147
795	3897	4.010071172464055
822	3952	3.7898227857383593
822	2617	3.536005987941003
822	3882	3.3963630996733314
822	3512	3.837457277948995
822	3513	3.4746884320760514
822	3554	3.586966249862765
822	3911	4.3834892316514456
838	2585	4.304819346140115
839	3790	3.6462722723777627
839	1258	4.450606569850761
839	3952	4.080017233058932
839	290	4.3490922535584815
839	3683	4.836208173806177
839	1178	4.8183069371789875
839	1348	4.4078490403981485
839	3893	3.853993889923761
839	3300	3.4855285951517523
839	3598	3.772088453469402
839	1079	4.620339993005797
839	2966	4.399797601906951
839	1228	4.706548613889649
839	3910	4.163471615717839
839	1231	4.561119520911097
840	1407	4.131901205064638
840	593	4.575786827395222
840	597	4.209507690998294
840	599	4.606440347741521
840	1278	4.772364658776145
840	1280	4.626094916366243
840	1293	4.619586501780095
840	2097	3.8586059854409465
840	762	2.6849160294630936
840	3040	3.851400504728527
840	778	4.443082347385349
840	923	4.810073439658595
840	2268	4.3885827324142275
840	2289	4.379370763526204
840	1641	4.430858398374278
840	974	4.168562982970281
840	994	4.612104890578022
840	215	4.211661970253946
840	217	3.1140914651485216
840	3441	3.7481041229998864
840	1845	4.243262605124306
840	235	4.011835972809823
840	2657	3.9057594091828567
840	253	3.9631200326657074
840	1888	3.4452984667265105
840	432	2.980391752325371
840	296	4.897708202373204
840	2867	3.954287456515937
840	3812	4.054460945000259
840	3671	4.680970165665957
840	608	4.687687371877351
840	1162	4.27714608738076
840	492	4.096719630130807
840	671	4.0510285522324905
840	1358	4.774148009211504
840	829	2.8900393371233997
840	3104	4.314294260101797
840	3105	4.2699680843727075
840	1517	4.3909636693320415
840	2321	4.2305520954515705
840	1380	4.015372883561938
840	2362	3.111203757863431
840	3317	4.414791714048739
840	150	4.664005727091671
840	306	4.652344323596604
840	307	4.519362978460007
840	318	5.022506007270446
840	1797	4.49480999544418
840	2746	3.7214461080750985
840	1007	3.4632447914767814
840	1011	3.3122418879610915
840	348	4.0501675898323475
840	376	3.760306948567254
840	532	3.467535778293557
840	534	4.288562963600542
840	1211	4.572266483387797
840	1213	4.8043322280132035
840	1080	4.369637590245554
840	1089	4.65958422950744
840	3911	4.648021612139436
840	1092	4.096521411151936
840	1094	4.220717533736799
840	1095	4.37238440661139
840	2040	3.4268469972720474
846	2318	4.155268374384354
862	3862	3.340649634510456
897	1047	3.2667566105279056
897	1206	3.986295450547441
897	1222	4.008551370911237
897	1090	4.1388666474710085
911	2997	4.357420202960894
911	3948	3.8483879575344875
911	904	4.675509297451502
911	923	4.533130009217882
911	3893	3.744651322387784
911	3897	4.499674315019553
911	3598	3.663726386508212
934	3791	2.76628881239674
934	2054	2.706873330280889
934	3798	3.1790867154653433
934	2059	3.0565637219064548
934	1257	3.6693622192034723
934	1259	3.98671669868367
934	589	3.8475112783105865
934	3004	2.246518509339452
934	1404	2.9611812357803666
934	1408	3.5734199552767243
934	2065	3.293914992229384
934	1265	4.202750556414447
934	590	3.5872139156303233
934	736	3.0049123113410583
934	592	3.4000595840620766
934	593	3.9358021122208067
934	3952	3.494862650275555
934	1413	3.1545339641519585
934	2072	2.7091060198997003
934	1270	3.7364073151042194
934	747	1.960866495493305
934	748	2.943895991446787
934	2081	3.553115180891532
934	2088	2.201595192897514
934	1286	3.364124352889779
934	2236	3.373571193731006
934	3039	3.6619828082905737
934	902	3.684902092340557
934	2094	2.9043312781393156
934	1438	2.5794524842642144
934	1293	3.8710604453322777
934	908	4.080874099425278
934	1297	3.3634000189217867
934	2243	3.4776657664269433
934	2245	3.154550448021936
934	910	3.9727485949977175
934	912	4.029410499275488
934	2248	3.7425226579590865
934	1449	3.9248600039991253
934	919	4.05915249124898
934	779	2.50625698136697
934	2250	3.010571473609441
934	1453	2.2303127441249244
934	922	4.238703751478364
934	923	4.061816432816859
934	1457	2.9240357142258495
934	780	3.3368869978756495
934	786	2.9469110888333674
934	2400	2.8054648616521516
934	2405	2.9223923222525823
934	2406	3.3979247434454605
934	2407	3.3766900320203477
934	2409	2.9024090528680486
934	1608	3.3360465510259534
934	2266	2.62479897492618
934	2268	3.772533561398503
934	2269	2.546418370718465
934	798	2.4870602282507757
934	2410	2.5643809194489027
934	2411	2.388948199747384
934	3214	3.0759873191500295
934	2412	1.911914327463553
934	1610	3.912232038211823
934	2415	2.7402556570654513
934	3072	3.488522795645092
934	2418	2.8195066434522063
934	1616	2.8466218291800542
934	2420	3.218743401285633
934	2421	2.3566100135139334
934	2423	3.40066618782819
934	1621	2.954996585942466
934	2424	3.3956272956926226
934	2429	2.5354298798305113
934	3089	4.105039362119079
934	2433	3.1287954895790646
934	2291	3.560919325410097
934	3098	3.5728381660669655
934	1499	1.9374647570169408
934	3250	3.244174887085198
934	2453	2.956786101602442
934	3256	3.5090241076348914
934	3257	2.6392084946100294
934	1653	3.5107929217678073
934	1654	2.952360609110958
934	3259	3.15667248991973
934	3408	3.632576428540672
934	1806	2.6143768589883645
934	2463	3.2733580790067336
934	2469	2.9934703146912205
934	993	3.133178338804652
934	3270	3.0452977409721553
934	3271	3.602430497758643
934	2616	2.399733787709729
934	2470	3.1261843588646694
934	3274	2.8339116268623736
934	1672	3.4070286367153644
934	2478	2.856688606195926
934	1676	3.001650701142929
934	207	2.938819966424328
934	208	2.5367151989725687
934	2628	3.180621386996121
934	1680	3.4704977026798614
934	1682	3.881943759922103
934	3287	2.4965514091640895
934	1687	2.8441323797802647
934	1831	2.2986051447231457
934	3436	2.5726892101274905
934	1833	2.795074293925198
934	1834	3.724212084208614
934	222	3.3674708483579976
934	1693	3.4243638313646554
934	224	3.1291356341242995
934	3448	3.5770694503609457
934	241	3.1713080981417328
934	248	2.725153995205819
934	2804	4.007424170929139
934	3614	3.037036194265261
934	3615	2.9453177391229075
934	3471	3.777072732974093
934	3618	3.180635706187411
934	1876	3.0097684027414346
934	408	3.2617627009870547
934	266	3.118297527803463
934	3481	3.671294550532245
934	2826	2.809156122820889
934	412	3.30192994584536
934	270	2.870984284885281
934	272	3.39873655417623
934	274	2.5269978133740567
934	3497	2.8035897577385547
934	1894	2.723530599836579
934	280	3.350498601416666
934	2699	2.9631376282205264
934	281	3.4158092618437945
934	282	2.9853508467497667
934	429	2.223646412264334
934	1100	2.534503107348555
934	434	2.911658077627281
934	292	3.0292463655219573
934	448	3.35781568752416
934	3809	3.246781505462264
934	1124	3.4990110840591333
934	454	3.3721499608385557
934	457	4.000335712659991
934	1135	2.991285466751186
934	2875	3.02702494451075
934	605	3.1264235922309136
934	608	3.898172139871418
934	463	2.584813026499719
934	3821	2.4303637124208817
934	3824	2.010174673926375
934	2881	2.8593939324151227
934	3684	3.0797848345196384
934	613	3.31010004623147
934	471	3.413503060591112
934	619	2.612779734472105
934	474	3.5698522220138713
934	3699	3.18265933182116
934	480	3.874258506053601
934	486	2.752837187696224
934	2100	3.2182341756961073
934	1302	3.682564529715261
934	2108	3.423930645390499
934	1307	3.912957265814563
934	491	3.076370986974472
934	2110	2.944598967071499
934	2112	3.2436006681556915
934	647	3.26032781916646
934	648	3.377949079231714
934	2125	3.501466990693246
934	1183	3.199175067263167
934	1187	3.449743265569471
934	2133	3.017050790669847
934	801	2.8767978947288504
934	802	3.268353049098474
934	805	3.349195477215022
934	1196	4.166367671390067
934	1197	4.2399972023808585
934	2141	3.1936716361106186
934	2144	3.476058147329167
934	2145	3.1577035011776244
934	813	2.5202041974721845
934	2150	3.5156323300433105
934	1353	2.8799510031152566
934	1359	2.277896404585117
934	3100	3.5273084148434117
934	3105	3.6080614510035147
934	3106	3.0495857338962504
934	3109	2.9985381525691106
934	1363	2.731454836434648
934	832	3.288063666343564
934	1367	2.7403833296316886
934	3111	3.492322658975711
934	2310	3.425702203221232
934	3114	4.388120530497437
934	2313	3.7754802267990732
934	2314	2.897595667014862
934	1515	2.360430692798336
934	1518	3.142590905895701
934	1385	3.0426345988996872
934	852	2.9703211138136165
934	2335	2.5831411827349733
934	1391	2.848781396617205
934	2194	3.7606918756143415
934	1393	3.608546215401798
934	1394	3.8256575893671547
934	1396	3.53653077954334
934	3147	3.929757025733032
934	1544	2.946111429702027
934	2352	3.673205624018541
934	2353	3.455110704798584
934	2355	3.753777177137633
934	1556	1.6273710340987524
934	3301	3.1584507760607234
934	3302	3.1004165038852824
934	2501	3.9243275073979884
934	2506	3.0608689527460022
934	1704	3.8610495016958506
934	1569	3.2565317719743585
934	3317	3.707939221934338
934	2371	3.360870634696279
934	3174	3.2761767552641587
934	3176	3.447260907791409
934	2374	2.7271088666021917
934	2375	2.7384224158042385
934	1719	3.8176804734380765
934	104	3.1647961647852223
934	105	2.983224630650777
934	107	2.9625741746520946
934	3324	2.5643784319878717
934	1721	3.4906252988425517
934	110	4.0434827925404635
934	1727	2.960108176957855
934	113	2.8449904327335567
934	1584	3.4165841865046884
934	1586	2.7428791969965003
934	2391	3.6505366242702806
934	1597	3.2551214945386313
934	1598	2.4606817168123807
934	3347	3.691192913837808
934	135	2.671428746248789
934	3354	2.3448418597978344
934	3358	3.4634009479969503
934	3359	3.8744663245574738
934	140	2.91708358748232
934	3501	3.1556211983391247
934	3502	3.244265490272383
934	3360	3.799776805909984
934	3361	3.5548803174318007
934	3363	3.808376297918917
934	150	3.7945553886328867
934	151	3.316290622936726
934	3510	3.531063748162425
934	3512	3.4443014711081097
934	3514	2.904138233710313
934	1912	3.5105760083182727
934	2716	3.7267035657569414
934	2571	4.218205246866161
934	2718	2.814272667502689
934	300	3.5083722971038345
934	160	1.9822412740486681
934	161	3.5699542451451105
934	168	2.6877174315538035
934	3524	3.2856736377845
934	3525	2.8600306025452444
934	2581	2.922169495297013
934	3388	2.489559946221728
934	318	4.332383251286882
934	3534	2.8578511287667947
934	2734	3.166090889926293
934	3392	1.7415315482927212
934	2736	3.177845546810613
934	3394	2.398721865216966
934	3395	2.477586339225927
934	1791	2.7254375665982407
934	1792	2.8958949304222927
934	182	3.071166661529449
934	1003	2.751694891706462
934	2745	3.614412243356914
934	2746	3.0436329504880075
934	337	3.610719209278453
934	339	3.1977782585706245
934	17	3.723064838087763
934	1012	3.459588812507225
934	3555	3.317077182165268
934	1954	3.70025171403891
934	1955	3.5607108916066283
934	1956	3.7596585227745334
934	340	2.964503496130781
934	1957	3.4946420455169984
934	1958	3.459525843163979
934	342	3.4081990659940073
934	1959	3.304238043118379
934	24	2.90371829599953
934	349	3.5100680507039255
934	3705	2.286949154817502
934	2906	2.0865505568653675
934	1960	3.6794815388843554
934	3565	3.0022190002778224
934	2763	3.2756556311256597
934	1027	2.896468498429138
934	350	3.1732013728090296
934	1968	3.748065192842447
934	34	4.001787857771436
934	3714	3.055899985264162
934	2918	3.881510859482397
934	361	3.2332752510468734
934	3723	3.468120683179638
934	2926	3.083281860606818
934	1042	3.3243418489211938
934	1043	2.6222662317657917
934	1049	3.056001937521453
934	50	4.2121468964948585
934	376	3.0391626211346594
934	377	3.2984462244656965
934	3591	3.2713241220935934
934	2791	3.7800070510222508
934	3594	3.0633405329196033
934	2795	3.6395138465243773
934	2797	3.7735361561919083
934	381	2.9834959345628533
934	529	3.7012842294040347
934	62	3.4151234497510723
934	2000	3.6791974401149323
934	2001	3.3936035102450095
934	1207	4.099222912579982
934	534	3.543269424706243
934	536	3.047279199952795
934	71	2.003845071198147
934	74	2.777532744445088
934	2011	3.209682094812657
934	3751	3.8698205320348262
934	2012	3.0992152003141413
934	2950	2.1158413083542094
934	3753	3.4797605013296167
934	3755	3.0190172239750237
934	2956	2.7966710488820876
934	1079	3.8262384248843113
934	86	3.137344357028467
934	89	2.8732187687794783
934	2961	2.5283540166624614
934	2024	3.039474187760343
934	2028	4.1704399495081
934	1082	3.5061877204434504
934	94	3.4756832815537004
934	95	2.638386432891043
934	3911	3.9993978801945884
934	3916	3.691436601532601
934	1231	3.8304220395524657
934	1234	4.112173881730469
934	1091	2.6189331036897645
934	707	2.8472589285209966
934	1097	3.8695960290524645
934	2044	2.376970985125176
934	1242	3.9660084173999555
934	3784	3.0172174896921535
934	2045	3.199104167545218
934	710	2.268966208748736
934	1247	4.090519816603411
937	1252	4.496113012408456
937	720	4.77230178528072
937	1255	3.751289695384536
937	2058	3.939975699801554
937	2997	4.369874349631487
937	1258	4.355748037596464
937	9	3.0460736993426067
937	733	4.175920913655236
937	592	3.8588541277940855
937	593	4.77869355539618
937	3952	4.061623669859901
937	3016	3.5009451750151412
937	1275	4.232978761829801
937	748	3.491274836672129
937	3020	3.773835634411069
937	1429	3.581506848270124
937	903	4.607472596445594
937	1291	4.512051335885488
937	1299	4.546828527416213
937	2245	3.7117917283250033
937	919	4.482128378294635
937	3052	4.176901590469252
937	924	4.594442781938321
937	780	3.4420173979851603
937	926	4.549547927831802
937	786	3.458819862602891
937	2402	3.17039126311465
937	2406	4.005402400455528
937	2260	3.1443138274197424
937	2409	3.532367557504154
937	1608	3.929059951894122
937	2268	4.234104104103842
937	2410	3.2414931470709134
937	2411	3.0673756452190344
937	2273	3.8689118566769127
937	1617	4.50371569329234
937	1488	3.1673153264986844
937	3098	4.092981104916678
937	2457	3.6809271829849806
937	2600	3.58453595329802
937	2617	3.5763662454390004
937	3274	3.4013194803356273
937	2476	3.6078840142809154
937	208	3.044561280612812
937	3429	4.65657916432112
937	2628	4.040458893260952
937	3430	3.6525445655690767
937	1831	2.9057565439553805
937	1833	3.3181098748888185
937	3438	3.051432219831437
937	2490	3.8295114366237666
937	223	4.314417854154964
937	3441	3.593353421625332
937	3444	3.5087558564678343
937	1858	3.6620110134814197
937	2804	4.668770751895276
937	260	4.722344022364039
937	3623	3.788068917227681
937	3624	3.902486377402325
937	2683	3.6944672368678644
937	2692	4.527369415538733
937	2699	3.6197058194814087
937	427	2.772265728814833
937	288	3.6001646341885594
937	296	4.388765831865765
937	442	3.257015745935128
937	3802	2.772456299621446
937	457	4.426360255859998
937	459	3.1636811468644677
937	2879	3.7164734960705106
937	608	4.594338095659797
937	466	3.1780624600331007
937	3827	3.7667142394860726
937	2881	3.4580097438243707
937	610	3.865878720089273
937	1148	4.871428360608285
937	474	4.224890415383691
937	479	3.22071549168418
937	3697	3.267391656960953
937	3698	3.4195817741585905
937	2105	3.809068944911818
937	2112	3.905330204551298
937	2115	4.1503189906015265
937	3857	3.036268542182758
937	2123	3.2328432561603133
937	1196	4.823596591873449
937	1197	4.314780424318584
937	1198	4.874865610507337
937	3893	3.882000316499308
937	3897	4.570564218729459
937	839	2.6101545534598816
937	3113	2.912713672724824
937	3114	4.551768907807985
937	1370	3.955955262635944
937	1518	3.7629309348446656
937	2324	4.7413972508265605
937	2183	4.22308625251219
937	1527	3.834402154230706
937	1385	3.6121206617305406
937	1387	4.462295066929708
937	858	4.691823958971438
937	1391	2.9988672239544782
937	2194	4.253349473597846
937	861	3.849518296570996
937	2353	3.9317287426630934
937	1552	3.640118199657412
937	2355	4.161725027699567
937	1562	2.493340057059782
937	3317	4.233541572749652
937	1573	4.062113143908994
937	3178	4.198439328450635
937	2524	3.360287132506578
937	2529	4.066193621155562
937	1591	2.873084690978769
937	1597	3.6190488389267883
937	2541	3.467369894830778
937	1744	3.104462771154972
937	3358	4.075968261649797
937	1754	3.736234719694028
937	2706	4.12298678613756
937	1762	3.0062234055868493
937	153	2.851668778387357
937	2710	3.325474409674523
937	2712	3.697217190895283
937	2571	4.6085093561977155
937	2572	3.677713075413124
937	1917	3.671458963490558
937	160	2.564167875116338
937	165	4.026955195848104
937	2722	3.2524509621626847
937	3525	3.439100012980943
937	3527	4.064031951788858
937	1927	4.465780874090158
937	312	2.7755129139284236
937	316	3.8112823210375315
937	173	2.672405159450593
937	2735	3.2116191349654035
937	3396	4.251003149032147
937	186	3.1728098881899767
937	198	3.525113402214965
937	1954	4.287955086887303
937	1958	3.8889950253710808
937	2761	4.372612160468096
937	2908	4.361183051465127
937	2762	4.8283967209350065
937	353	3.9041031102742187
937	34	4.2138972949962605
937	358	3.424033997204464
937	3710	2.5924368648673277
937	2916	3.7816540449701215
937	2770	3.6007072672733997
937	1036	4.486915550335913
937	3578	4.380307011134346
937	1037	2.9457044339987806
937	504	3.297037864559856
937	507	3.8766449826741085
937	44	3.0987491175808053
937	368	3.867653604813699
937	2924	4.188607548617617
937	1042	3.8289667028518344
937	517	3.547791019571124
937	50	4.674043937533149
937	377	3.889144792109902
937	379	3.2019115883014613
937	3593	1.9674546747742763
937	380	3.8230909687686587
937	527	4.939353320831181
937	2000	4.0731094374861065
937	3740	3.8684532880114735
937	2001	3.876792936766697
937	2002	3.568423462047361
937	1200	4.588571088420759
937	3742	4.267242454356215
937	3744	3.5866340650087998
937	2006	3.8092774651776584
937	1206	4.399741212510598
937	1207	4.667995729948629
937	3753	3.8900005972947467
937	3754	2.840756187759133
937	1213	4.5679282501187215
937	1215	4.124884296912659
937	544	3.063578561057398
937	3901	2.879042725663664
937	1220	4.096455359320932
937	3763	3.839807085341954
937	1222	4.501033961765727
937	1225	4.572976289190948
937	2028	4.5552710344897225
937	95	3.304779447602209
937	2976	3.2597695183176145
937	708	3.7536101626441107
937	2985	3.9111937722266297
937	2986	2.7327729921741883
943	2686	4.3635420233288045
943	3844	4.104388538406667
953	1299	4.979342993142133
953	3424	4.674176841633382
953	1204	5.1932137903221305
953	1073	4.660489373820622
979	3	3.367654379506743
979	904	4.792960303970063
979	3066	3.998579286620969
979	1674	4.377823720442572
979	3450	3.6787122810922552
979	252	3.6090225463270023
979	2860	3.5655849404389333
979	3827	3.8002469505930128
979	1581	3.3786965964920164
979	333	3.983541364269522
984	3827	3.332436733686888
993	3949	3.9482641290351443
993	3823	3.2851300970677664
993	2502	3.4710270247411055
993	3310	3.407308891825932
993	3751	3.4824977609828482
993	3761	2.7998568624311537
993	2965	1.9838829829486757
996	3238	2.3687218703288826
996	3821	3.029909823477542
996	3865	3.584342577971759
996	3893	3.8261561440682392
996	3354	2.9415833712233606
996	1221	4.8775764736819625
1001	3317	4.2771661766161
1001	3743	2.758388506831513
1001	3756	
1010	3000	3.5693549651720247
1010	2405	2.1048421283697905
1010	2409	2.323409789487305
1010	933	3.5749218980787445
1010	1636	2.2450520806145158
1010	3267	3.4846068845141542
1010	2611	3.0823255510738674
1010	3430	2.281923226843582
1010	2640	3.1857691176825993
1010	3452	2.144387126047258
1010	2802	2.1397069225530077
1010	3623	2.092623500099078
1010	3638	2.6167166075818558
1010	610	3.27346799384307
1010	3836	3.287975175394084
1010	1304	3.1045692110342245
1010	1371	2.6711763955528647
1010	1387	3.4641904544683073
1010	3148	3.389714333066048
1010	2347	3.0196593746146405
1010	2366	2.241638861481319
1010	2367	1.9153699626542233
1010	2527	2.3407526080371417
1010	2528	2.7829264445739876
1010	2529	2.317580693857053
1010	1594	3.111636663325891
1010	1752	1.6364054991178327
1010	3384	3.068309766120513
1010	1954	3.9311188645667223
1010	3702	2.6222664249417282
1010	3703	3.1631420949047553
1010	511	1.9424252339071961
1010	1201	3.623499520066233
1010	2947	3.369980911389958
1010	2951	3.290907054283409
1010	89	2.069572278502905
1010	1221	3.637298732994939
1010	3764	1.80090411819538
1010	3911	3.546034376213956
1015	3950	3.540845859255733
1015	3952	3.8199696600132467
1015	2097	3.613400807945709
1015	2624	4.0062761203729655
1015	3299	2.4043037807075422
1015	3660	2.8954718636850694
1015	2594	3.7840913363517643
1015	2769	3.436357330296997
1015	1995	2.509438442860595
1015	3918	3.055886258686447
1019	3007	3.6731647832432146
1019	2060	2.4951810535504606
1019	736	2.340369475269197
1019	3020	3.1046904827866832
1019	1608	3.242253738029806
1019	1611	3.051836091285689
1019	1485	3.0814515356754253
1019	1640	1.9016606592636665
1019	3258	2.409264388837059
1019	1810	2.9373748595678233
1019	1673	3.1884652382216587
1019	208	2.2831963778562283
1019	3426	2.770065413495077
1019	2633	2.862480506084828
1019	232	3.458979390708608
1019	234	1.5600780241154752
1019	1865	2.9348306529298043
1019	254	2.626514629527925
1019	276	2.1746330621830103
1019	1895	2.3547974728885035
1019	288	1.9232410748309459
1019	438	2.123197569635328
1019	445	2.214024324917425
1019	1120	3.245032132559099
1019	1126	1.8474476793968533
1019	2890	3.785151097350279
1019	637	2.0984174510816302
1019	1190	3.0578174977676924
1019	1353	2.545718626013965
1019	2165	3.2112070591753668
1019	1366	2.705042032044287
1019	1375	2.7103367020440463
1019	1552	2.575985268248074
1019	105	2.918391480683931
1019	3181	3.099163716150202
1019	1747	3.1139265050907214
1019	156	3.0751525882289963
1019	2712	3.2694225291399626
1019	2574	2.3338462574604457
1019	306	3.9677986811134196
1019	308	3.6895626205917798
1019	2724	2.3849005593526424
1019	2599	3.7626691342815914
1019	327	1.9418621006236632
1019	14	3.0302747580468483
1019	194	3.327874111613702
1019	43	2.985753236966618
1019	515	3.4088858629997665
1019	1049	3.0689007920464495
1019	518	1.8407787345344877
1019	523	3.0728613182107454
1019	2798	1.6021893743423017
1019	62	2.7805009956005664
1019	65	1.6191003519121956
1019	388	3.172943994553165
1019	71	1.732235882228371
1019	2953	1.769814540324538
1019	2959	2.8789308529604547
1019	542	2.1217465354424094
1019	549	3.325456401599933
1019	3910	3.2356199986055088
1019	1091	2.166103974147433
1021	1248	4.855882955366054
1021	1250	5.026670981976795
1021	1252	4.980070626754448
1021	1267	4.9813521923381385
1021	593	5.020787229985182
1021	750	5.053215051366033
1021	922	5.121571810168509
1021	923	5.022902774796784
1021	924	4.68603693699599
1021	1617	4.892212468073818
1021	969	4.867387030726898
1021	260	4.90712296696531
1021	3629	4.872030787176704
1021	1198	5.0554133282215705
1021	2168	3.7948748567007584
1021	899	4.864111493363889
1021	2396	4.833623013577689
1021	189	4.215856354386309
1021	1950	4.772962601239641
1021	50	5.178773279431243
1021	527	5.065698997759699
1021	541	4.844450335413971
1021	2028	5.047632759192187
1029	1258	3.6762243037333264
1029	2064	3.6291443926344744
1029	595	3.9482739124044484
1029	1416	2.823723322936258
1029	1270	3.1994678858829535
1029	1278	3.720511048267622
1029	2081	3.6309776824330413
1029	2083	3.2936520641412224
1029	2087	3.517257432287154
1029	2088	2.2615201236220033
1029	1289	3.4275193710158898
1029	3033	2.6916308855403805
1029	3039	3.3214238845394215
1029	2096	3.528334207024086
1029	2099	3.2496723417988083
1029	1297	3.232779452174009
1029	2245	2.9781967772997415
1029	923	4.126415015728375
1029	2406	3.030184564504379
1029	2407	3.0378014741628414
1029	2413	2.723770615210553
1029	2423	3.1384777964917503
1029	3087	2.958512616334033
1029	1487	2.560177490629098
1029	3246	3.3990409339764986
1029	2463	2.9242614001194354
1029	2469	2.942840891895753
1029	3422	2.9617504321558297
1029	2645	3.0400155255501464
1029	3448	3.223714268400693
1029	2648	3.6473998696059557
1029	2652	2.635686847664732
1029	2653	2.6451102357212637
1029	2657	3.126350319016
1029	246	3.8661207326498532
1029	3608	3.0716734095592977
1029	3627	3.147264402024988
1029	3481	3.239224967989429
1029	3490	2.6665437692071743
1029	3499	3.2568921896143985
1029	2857	3.2460414842506204
1029	1135	2.882246479938866
1029	2877	2.5952842001938934
1029	608	4.046047502757474
1029	3831	3.288028927658719
1029	2100	3.1570505299358556
1029	2102	3.0079236401298455
1029	2110	2.7953428541224685
1029	2111	2.886470799175032
1029	3859	3.4659194282848578
1029	2134	2.973596576259913
1029	1333	3.489343026975432
1029	2141	3.0481567559904
1029	2144	3.3354773551338526
1029	2145	3.034076932443107
1029	1348	3.6506390726922584
1029	2150	3.205945383906649
1029	3897	3.73507583064614
1029	829	1.977176473542598
1029	2301	3.1385193796395607
1029	2160	3.475838950239451
1029	2174	2.975928985680116
1029	1378	2.833478791205667
1029	1380	3.3616843640346707
1029	1381	1.5191434224406557
1029	3142	2.949701054633826
1029	3308	2.82583406771165
1029	2371	3.151941834247764
1029	2518	2.9275846908457943
1029	107	2.786115240327527
1029	3340	2.561879112859203
1029	2550	3.139636401763639
1029	2554	2.8402003399302376
1029	1760	1.356243609036729
1029	2565	3.710239608336536
1029	152	2.6086432832229867
1029	2718	2.724905399329081
1029	3524	2.9078767552833065
1029	3526	3.3138559842206496
1029	2736	3.013543564088074
1029	2738	3.062080925110687
1029	3397	3.369556285945481
1029	3398	3.181932829480912
1029	3399	2.7871572783139467
1029	327	2.2586513177364127
1029	2746	2.908515458461917
1029	3549	3.489512149395836
1029	199	3.4390908691662
1029	3552	3.374400842122434
1029	2751	2.497458950010887
1029	1951	3.3883671193044695
1029	1022	3.6687618207361954
1029	1029	3.504374180948686
1029	2915	3.0146075159054893
1029	1030	2.762851420941668
1029	1031	3.0943628832726606
1029	1032	3.4559365691103285
1029	2926	3.0598858938250846
1029	2780	2.7367517854500183
1029	2792	2.4769722831351113
1029	2795	3.3938141917370954
1029	3598	3.0031009720351025
1029	1994	3.072277524627685
1029	2797	3.5086746484763953
1029	2003	2.6817583267458684
1029	2941	3.322006469316772
1029	1066	3.669895435558939
1029	2011	2.6934599250725912
1029	1211	3.7828061519427325
1029	1219	4.000245100328491
1029	1079	3.4008325832592683
1029	1081	3.1359191628835403
1029	1087	2.8698819148847274
1029	1088	2.8440867758914847
1051	736	2.821559279459295
1051	594	3.909987109245937
1051	596	3.6348578454248797
1051	3952	4.007996414115688
1051	1282	3.3902606970818256
1051	1286	3.918687637413911
1051	919	5.275133237380921
1051	1459	3.6292882625756273
1051	926	4.39939146701638
1051	1620	3.3673717216407923
1051	3082	3.5861105416242705
1051	953	5.0886915715944
1051	2432	3.3787724937048838
1051	2446	2.6372108712211215
1051	978	3.9592401122189123
1051	2606	2.8215795963637476
1051	1665	2.7734146456475073
1051	1835	3.3172293827664743
1051	3457	3.549529818539658
1051	1853	2.481724160955277
1051	1858	3.8451948441728403
1051	2672	3.2484277886535025
1051	296	5.757002433173599
1051	2860	3.099226375426756
1051	3673	2.791676161728977
1051	606	2.2300136789897165
1051	628	3.9729397360886196
1051	2103	3.3607895793589635
1051	2123	2.9765606802406652
1051	662	3.145468336254706
1051	2148	2.8601400222768705
1051	1348	4.328158775493193
1051	3893	4.0630219643709
1051	3897	4.163734778812452
1051	1357	4.334845710666422
1051	3103	3.3886723258195275
1051	2310	4.059895413792609
1051	1376	3.9097204808010813
1051	2328	2.89704053567162
1051	2329	4.608304737720455
1051	2500	2.9677101172214106
1051	103	3.4790939033309773
1051	3186	3.4382062951154806
1051	3512	4.161608387017167
1051	1779	2.8553367080200753
1051	1924	2.705667278846449
1051	2583	3.9798364282872924
1051	180	3.386027565783224
1051	3540	3.0224822162139056
1051	1003	3.263813345054529
1051	330	2.667014560347299
1051	1947	4.6740706297758905
1051	3556	3.8582340937993314
1051	1015	3.9596759503528833
1051	1029	3.718380727895209
1051	31	3.3729589163606986
1051	3744	3.464745827656683
1051	3753	2.7684427608783944
1051	1213	4.230376317944742
1051	2018	3.669601865347667
1051	3901	2.732421987905847
1051	2026	2.8984711570472186
1051	3913	3.0634613595862232
1063	3948	3.8779542273026975
1063	2324	4.497405883133473
1063	2594	3.9437071720017367
1086	3827	3.6676366810542658
1086	3129	3.8794166630193176
1086	3910	4.11607750951442
1087	1250	4.615852052585761
1087	2993	3.7019487871438304
1087	1256	4.344463101549136
1087	1257	3.857230434397625
1087	1258	4.01335277062969
1087	728	3.76572333813976
1087	2064	3.7481242975011795
1087	1262	4.4095224020257415
1087	2067	4.084451540567249
1087	1268	3.516984260312838
1087	1411	4.116674847836222
1087	3018	3.667409294096747
1087	1271	3.7602023795585713
1087	2076	3.905425574635673
1087	1275	3.798390251884774
1087	1278	4.342490144203391
1087	1285	3.709914426895593
1087	2089	3.4246671037024887
1087	1288	4.165447538408487
1087	900	3.866847102418763
1087	902	3.8615588261785945
1087	1293	4.028712218191569
1087	908	4.368202608888404
1087	1297	3.737105055759551
1087	1298	3.5567909474180572
1087	912	4.577697050481704
1087	2248	4.118257618852448
1087	914	4.215055430086329
1087	915	3.95254551547617
1087	1449	4.154624125007833
1087	778	4.041704234678496
1087	3052	3.7775152052423304
1087	923	4.312442505301732
1087	2406	3.698930349443209
1087	2268	3.83963321889186
1087	3210	3.9085286661755907
1087	940	4.032334485393519
1087	2420	3.4734234255300716
1087	2424	3.3096085523856122
1087	2427	3.843012501232249
1087	1485	3.564723443915553
1087	2289	3.68267961456839
1087	954	4.317752525784105
1087	2433	3.4087344217224
1087	2291	3.817536572339996
1087	3095	4.31001862631493
1087	3244	3.63837135880365
1087	1641	3.6735120161681087
1087	3246	3.858314282574598
1087	3249	3.098272922385436
1087	2455	3.5342448418994565
1087	3408	3.8958095088903115
1087	994	4.081459949713836
1087	1676	2.8074768533088634
1087	1678	3.738276181272115
1087	3421	4.219918232636602
1087	3424	3.871650057251211
1087	3426	3.172586817911379
1087	1680	3.7552745912179772
1087	1682	3.7866673445864323
1087	223	4.043359575877206
1087	2804	4.479800906474081
1087	3608	3.6193285765572494
1087	2806	2.5029873895384553
1087	3471	4.291276498151975
1087	2672	3.1825845385298566
1087	2677	4.039346555305286
1087	1875	3.472568168958624
1087	265	3.8777285417753267
1087	3481	4.0085936740338886
1087	2690	3.694354922843427
1087	2693	3.811036424020739
1087	3499	3.6720175247111855
1087	1101	3.501600283867096
1087	296	4.056987598203426
1087	1125	3.8188845143672814
1087	3671	4.2516483534001654
1087	2872	3.870560291170245
1087	1135	3.217682636106835
1087	1136	4.640418636387215
1087	3827	3.4007279677596443
1087	3684	3.2485681841076564
1087	2882	2.831829825815824
1087	2889	3.464852225116015
1087	1304	4.236412350362948
1087	1307	3.9845062923052454
1087	1175	4.059427526952107
1087	3871	3.8712887485553895
1087	2135	3.2127546920387875
1087	1333	4.064207007592803
1087	661	3.6217460539270356
1087	2141	3.6033856514045928
1087	2144	3.8705456823004303
1087	2145	3.4967823586893556
1087	2146	3.078204444516643
1087	2147	2.5244016130403817
1087	1347	3.2976694304383574
1087	3897	4.197590236958625
1087	1500	3.846325784791606
1087	2167	3.3743751942853204
1087	1366	3.154925795577115
1087	1516	3.6396056155503986
1087	1380	3.532943284209822
1087	1527	3.4542945043782685
1087	858	4.783204181646008
1087	2336	4.100249125680866
1087	1393	3.6841339372581037
1087	3145	3.440252778536852
1087	3147	4.126432407445739
1087	3148	4.00143916183426
1087	3155	3.3847562914068496
1087	2353	3.575025564055708
1087	1552	2.9816244243436967
1087	3159	4.1394513757520635
1087	3160	3.792446384970054
1087	2369	2.96962545011095
1087	1569	3.2522441318394955
1087	899	4.400691476730464
1087	3174	3.4557311505630404
1087	3179	3.42292615851404
1087	105	3.189539921291181
1087	1721	3.485103860898982
1087	1725	3.771486213331541
1087	110	4.267919717487776
1087	3185	3.4074848732637326
1087	2529	3.764029172281269
1087	1727	3.277405696187647
1087	1584	3.933649965740036
1087	3330	3.712914506356892
1087	3197	3.2303387161287356
1087	1747	3.3073989735463547
1087	2551	3.243740549409404
1087	3354	2.8409132623196984
1087	3355	2.8752279587072818
1087	141	3.5260624961274836
1087	2701	2.092724913424285
1087	3363	4.159546078082807
1087	1906	3.001817086571449
1087	150	3.9425416501170982
1087	3512	3.610804678881731
1087	2710	2.849498766436683
1087	2712	3.3263963666485346
1087	2716	4.252054599167673
1087	3524	3.454560370515145
1087	2724	3.0516535518093804
1087	2581	3.2920367991102757
1087	2728	4.0531396715945345
1087	2583	3.663670702295686
1087	317	3.2634673679661694
1087	318	4.5217192555371675
1087	2734	3.3616789315905433
1087	1794	3.3976411374284847
1087	1941	3.872327921026361
1087	1947	4.171403689030072
1087	1948	3.8589154528914604
1087	1949	4.224223205253734
1087	17	3.974650039682978
1087	1010	3.3359207743456634
1087	3552	4.045026135617457
1087	1013	3.604365382524806
1087	1954	3.8866719656921593
1087	24	3.2675227873805235
1087	2762	4.470547119986192
1087	1960	3.89064166285021
1087	1961	4.1738436627650195
1087	1025	3.7408408540675953
1087	1027	3.1584485607015753
1087	1028	4.3201254519269074
1087	1968	4.077546599702588
1087	2915	3.5441345287475055
1087	2770	3.25098957923687
1087	2918	4.302657064354379
1087	3578	3.5536842714822936
1087	362	3.41408886739405
1087	40	3.813093538678398
1087	509	3.860025110677254
1087	43	3.6065258910560347
1087	515	4.000367002088653
1087	3591	3.5236867438257136
1087	2791	4.088706781508037
1087	2795	3.9502503061916068
1087	1994	3.598206264121081
1087	2797	4.070293213103101
1087	380	3.2596827457631945
1087	1997	4.060357404671904
1087	527	4.68857248576102
1087	2000	3.5134237168443154
1087	2003	3.3498408337848353
1087	1203	4.261305141817339
1087	1060	3.997049438000261
1087	2947	3.976235773752933
1087	1208	4.37952282714595
1087	2949	3.8090281683168934
1087	1066	4.103511764705168
1087	3751	4.0110692606959315
1087	1211	4.13303388307909
1087	2014	3.133304583727066
1087	1212	4.5552228639060335
1087	1213	4.033349248332938
1087	2959	4.347740300573591
1087	1077	3.9376153173491093
1087	1078	3.8937571722259094
1087	1079	4.2265287195743415
1087	3901	2.585274251847362
1087	2020	4.054359235393435
1087	1221	4.587973178912943
1087	2961	2.775418108841537
1087	1222	4.278797184818222
1087	1225	4.285153021596217
1087	2028	4.3019822920262065
1087	1080	4.056822613190205
1087	551	3.961422341559833
1087	3911	4.125243292783565
1087	3771	3.4523428293497767
1087	1234	4.48906430399547
1087	1090	4.071909728363728
1087	1093	3.473040956011019
1087	1246	3.877028912012237
1088	2053	2.272397152829703
1088	3793	3.7707904694793304
1088	2054	2.9682967696037146
1088	586	3.1899548319415567
1088	2202	4.1262599147471
1088	3005	3.465254183396838
1088	2206	4.067657275957958
1088	1405	3.0922308782727055
1088	1263	4.17904530010608
1088	1267	4.49443100847786
1088	596	4.055040565236589
1088	2082	2.8884143470540486
1088	1283	4.281929832729731
1088	2089	3.3766213748887584
1088	1288	4.239812584486146
1088	2231	3.6702759031347685
1088	2236	3.689333382412047
1088	2092	2.535853911986408
1088	1290	3.6572928164181735
1088	903	4.424354871782258
1088	908	4.560092953455476
1088	911	4.24702679643296
1088	916	4.307250061074848
1088	930	4.443157447398338
1088	938	3.797375459947923
1088	947	4.223155070723286
1088	1621	3.2613260245307685
1088	2282	3.497721539166656
1088	2429	2.8482583204394025
1088	3088	4.224462382893593
1088	2430	3.256646313657866
1088	1498	3.2332828907821805
1088	1644	2.67405304312933
1088	2447	3.242129811315798
1088	986	3.6692660522198404
1088	2600	3.356509123576883
1088	1804	3.087089528359783
1088	2617	3.18971071032975
1088	208	2.5623320196079504
1088	1680	3.869822927590127
1088	1688	3.6031709935525322
1088	1835	3.4113744404782085
1088	223	4.161677276446267
1088	224	3.3965262538972936
1088	235	3.765133886304003
1088	2805	2.98184118812711
1088	2660	4.113443654319896
1088	1862	2.1817644689477884
1088	261	3.7536553639078813
1088	3624	3.654827683058568
1088	410	2.9648797760582006
1088	273	2.908541893900297
1088	276	2.7615767548815153
1088	277	3.3230321838016605
1088	2846	3.4856217885010765
1088	435	2.470767618737105
1088	605	3.4259005671675893
1088	606	2.3322846558992527
1088	3827	3.5077359085733586
1088	473	2.3306707719561417
1088	480	3.7846790899080345
1088	1304	4.397570269222351
1088	631	2.2569839517771375
1088	2112	3.634997937827889
1088	647	3.65372751118686
1088	2123	3.028240358716943
1088	2124	3.2160574090062455
1088	1334	3.420488889706839
1088	2137	4.041913677203562
1088	802	3.6128319127182196
1088	1339	3.49195741467669
1088	1193	4.436797186941302
1088	662	3.0108004697213175
1088	808	3.5121624573634835
1088	2141	3.604576704276972
1088	2142	3.0220189011882743
1088	3882	3.3383329534300517
1088	1342	2.988386177671198
1088	1343	3.830376329247746
1088	673	2.6385387968179415
1088	2167	3.597073585280022
1088	1367	3.123149448067693
1088	2310	3.749810827230823
1088	3115	3.242761724747893
1088	2181	3.758490013944777
1088	1380	3.6742654082976136
1088	2183	4.04998396728052
1088	858	4.731868690817951
1088	3130	2.4693670523979234
1088	2335	3.0556392279385
1088	1399	3.3154191384769454
1088	2340	3.405452672359853
1088	879	2.921496463591049
1088	3301	3.496877730302299
1088	2502	3.9250786006422893
1088	2504	2.9436817163391744
1088	2505	2.930918811437576
1088	1704	4.377237982803787
1088	899	4.464667375148669
1088	3328	3.848491634588631
1088	110	4.214973792768983
1088	3185	3.416982351037376
1088	3186	3.5276709218610254
1088	2384	3.451659671861235
1088	1582	3.2963578262206905
1088	1735	3.29047382956181
1088	2539	3.46732831102744
1088	2542	3.9191606710157902
1088	2550	3.6737315351184887
1088	141	3.6780474695528595
1088	3362	4.104457594378873
1088	2706	3.9421507084289713
1088	2560	3.2758037509126625
1088	3510	3.855062881754986
1088	165	3.664335373403527
1088	2581	3.23862495654351
1088	2583	3.708460945508158
1088	317	3.2059667108177505
1088	186	2.8907266268509466
1088	1005	2.362812225164216
1088	1945	4.3865775281780195
1088	1946	4.08785688023367
1088	196	2.817785057278219
1088	27	3.0524171426381788
1088	1021	2.7816901998030525
1088	2761	4.139795961161358
1088	1025	3.778318978902916
1088	1027	3.2453559687245557
1088	361	3.531605223065866
1088	46	3.1715954856922663
1088	47	4.3442350275694865
1088	1042	3.5350895808687692
1088	520	2.885490457977109
1088	2793	2.8147590202211523
1088	1057	3.5972435984032862
1088	60	3.2831798024636747
1088	2946	3.8466493239023065
1088	1064	3.0371229955450305
1088	539	3.836890033309048
1088	3751	4.094906372473824
1088	3753	3.803262637219483
1088	2953	2.481234774769582
1088	1073	3.898926081923937
1088	1221	4.573423066787996
1088	2028	4.210753689155206
1088	1228	4.299400415849835
1088	551	3.888373567902375
1088	3911	4.179814870542549
1088	3915	3.519496277601085
1088	1234	4.490572156195773
1088	1090	4.168319251100963
1088	2042	2.6743530150535366
1088	2048	3.711212873550669
1088	1246	4.076582171841146
1101	587	2.9464532074274548
1101	733	3.132896841252989
1101	903	3.8697855399836287
1101	2409	2.804469230075316
1101	2412	2.0218244392120117
1101	2617	3.063656561269525
1101	2112	3.1486935604168997
1101	2123	2.85665750930764
1101	1958	3.1697402352837347
1101	353	3.4499194441283807
1101	1203	4.192959262955596
1101	3745	3.1291448887247904
1113	3943	3.060511587057217
1113	3948	3.9931286915626765
1113	3949	4.562603886479693
1113	593	4.348266697517996
1113	778	4.374798384346402
1113	3091	4.4836947451394655
1113	1640	2.787928051695586
1113	1892	3.5224253675860306
1113	3160	4.466978775750936
1113	1594	4.127336352316722
1120	3097	4.422860868866949
1120	3421	4.2845359262931115
1120	1848	3.4443088928694348
1120	1126	2.824822177357369
1120	3163	4.013119249185776
1120	1084	4.597734285572598
1121	3555	3.759265366804132
1125	3949	4.153556793562131
1125	1661	3.2849448580359786
1125	2835	2.7346036340250377
1125	3893	3.4232009519941613
1125	3301	3.2315654758057892
1125	3556	3.4812651001291197
1137	3946	2.324164203232474
1137	3950	3.486965204034632
1137	3827	3.3714912266284434
1137	3852	3.777233189548087
1137	3884	2.57310080341054
1137	2769	3.4174837303767234
1137	3903	3.6384875919074466
1137	3916	3.917233908413581
1142	3952	3.7203981803101627
1142	910	4.197968604749288
1142	266	3.6203386915162046
1142	1073	3.576538019538716
1142	2976	3.086903350073836
1142	1246	4.076166296432002
1165	3489	2.8573937259769924
1165	3827	3.246570234981721
1165	2335	2.908278097314778
1165	2359	3.7614376238786287
1165	2501	4.0650607915750605
1165	1904	3.360625429840158
1165	2761	3.913594491582365
1165	2762	4.395565742781474
1165	2011	3.243388253334497
1165	2012	3.2592063718418745
1173	2686	3.8509387643417012
1173	3862	3.4218442090738
1173	2336	3.9836570698868377
1181	718	2.704098144262505
1181	3943	2.064866802622655
1181	915	3.407373801372876
1181	1466	2.8578168885750643
1181	1639	3.260903435454223
1181	3826	2.10039092322191
1181	3882	2.5823188988847905
1181	3125	3.057776104753374
1181	172	1.9878185983092045
1181	190	2.958198709183717
1181	3593	1.1209135376329313
1181	2046	2.273705511369759
1202	2064	3.9318786955592864
1202	2072	2.991664220424028
1202	2243	3.7844230284492686
1202	3087	3.5930065700516116
1202	2469	3.2467606111167076
1202	2915	3.6673227382619507
1202	3591	3.549934611014954
1202	2795	3.8689619082349025
1203	587	3.9150051879441983
1203	1276	4.454540063482695
1203	2245	3.7677065448163574
1203	2409	3.450043077483182
1203	2617	3.634982649149209
1203	3298	3.774073458965913
1203	3618	3.645624089751571
1203	3483	3.4489212344482727
1203	3858	3.5523437986414956
1203	647	3.8584769596303055
1203	1321	4.038117078133075
1203	1388	2.89545521531493
1203	3317	4.303435215154824
1203	3509	3.1744865795557704
1203	150	4.328607168773955
1203	186	3.1229482941183204
1203	3554	3.746746925630212
1203	3556	3.8684052527026958
1203	1954	4.304639542778719
1203	1958	3.9042437956930787
1203	353	3.877252873508299
1203	3579	2.8650923083668194
1203	3720	3.873818971504154
1203	2793	3.058309205415415
1203	3598	3.691387969109262
1203	550	3.38426116993665
1203	3910	4.1624611229353405
1203	3915	3.7042335548480434
1203	708	3.8270222152393436
1211	1253	4.228668240798405
1211	3943	2.811213445837794
1211	1270	3.8788716866941115
1211	2093	3.0621542255755627
1211	2662	4.0668973147049
1211	3471	4.851041180890733
1211	2117	3.8570004662384743
1211	674	3.191209029005246
1211	3897	4.178799309645633
1211	1356	3.5756301903685777
1211	1527	3.263015213683295
1211	3317	4.094172801581241
1211	2529	4.1881700279246115
1211	1584	3.9110590993996768
1211	3702	3.6509802840531154
1211	1965	4.111201826367359
1211	3735	4.154532222676755
1211	1200	4.095290905300391
1211	2009	3.6951096930799197
1211	2010	4.3756147848370315
1218	3893	3.3030997427609305
1218	3897	4.012986883019423
1218	2340	3.0461250465246907
1219	3618	3.6040333567194334
1219	3624	4.018421227948614
1219	3481	4.210107507806743
1219	3328	4.121702068268255
1219	3189	3.9079362148649683
1224	3624	3.727533227065185
1228	3949	4.2578247631137085
1228	1291	4.323610132152266
1228	2297	3.1253361142437406
1228	3262	2.9182434861472166
1228	214	4.013936488919359
1228	1836	3.1984022509387997
1228	432	2.4969532956209672
1228	3809	3.391271037715349
1228	1721	3.354506517651867
1228	3510	3.7072795011492565
1228	2725	3.690244679478592
1228	337	3.8684414392205997
1228	1960	3.958941988707909
1228	3916	3.927194288433644
1242	1409	3.0291702740836004
1242	1263	3.691252201084149
1242	3756	
1243	719	2.8843593448658447
1243	1259	4.048572599128018
1243	586	3.1561322077016083
1243	587	3.4344173074169233
1243	1	4.044270761873522
1243	2065	3.5464636044978253
1243	1265	3.7594857211342463
1243	733	3.5996072838221727
1243	597	3.872908125930535
1243	1425	3.382933766361726
1243	1287	4.2351205348907595
1243	3039	3.674358620739436
1243	1297	3.677909020764419
1243	3045	3.0451719641017005
1243	2243	3.701945856903876
1243	1441	3.4432995259222254
1243	2245	3.41109478789048
1243	913	4.511520868050841
1243	3052	3.76512605977858
1243	2259	2.8118159451444207
1243	2406	3.782254795789476
1243	2262	3.1888826399169683
1243	3067	3.843791986641746
1243	2268	3.916720067796954
1243	3210	3.701651551241556
1243	3072	3.8576901855106787
1243	3083	4.108150526532826
1243	2289	3.949721054106866
1243	1641	3.852001418150715
1243	3247	3.084670443084367
1243	3261	3.439931737288487
1243	2463	3.357699680416608
1243	2469	3.256897736807079
1243	2470	3.5461204532490718
1243	2617	3.232291635923116
1243	3421	4.006644096731203
1243	3429	4.283156428557719
1243	232	4.047655456822573
1243	235	3.677619637754681
1243	2671	3.6585374851561774
1243	2699	2.8809209066889743
1243	2840	2.856625352526027
1243	440	3.836182177299039
1243	2863	3.963862152110042
1243	3819	4.0083441978901595
1243	1148	4.483892630568754
1243	471	3.737428515408116
1243	3836	3.9049099492224673
1243	2100	3.470334083217125
1243	1304	4.399847339877708
1243	2108	3.7784145097456543
1243	1172	4.319949784160413
1243	2124	3.1615916136589
1243	2134	3.267829953938584
1243	2144	3.669847720448826
1243	2145	3.277534539806222
1243	2150	3.766481885736362
1243	1500	4.018883525244283
1243	1517	3.624128080276374
1243	2321	3.7503425213501056
1243	2324	4.209370356403722
1243	1380	3.388474477339941
1243	1391	3.0504854165277653
1243	1394	4.256098401711153
1243	2352	3.9357813005128666
1243	2355	3.718873251099918
1243	2359	3.875848615578263
1243	3308	3.2651827402923312
1243	1565	3.0287060523529354
1243	2371	3.4688821676233412
1243	3178	3.817605876468498
1243	3320	3.5749191893591292
1243	2384	3.3500890678660307
1243	1747	3.6352750781402623
1243	3358	3.6310046213656646
1243	144	3.2913391261452887
1243	3501	3.4672786671955222
1243	3507	4.0932309757745875
1243	3361	3.914459478207832
1243	2568	2.145606924157489
1243	3524	3.4530695291972457
1243	3526	3.77371532061299
1243	2724	3.2072128292246633
1243	1923	4.065292876678641
1243	317	3.0798670779378456
1243	2736	3.4182454499417743
1243	2746	3.2567926050263685
1243	1958	3.5432590035499723
1243	342	3.6326925727388786
1243	344	3.2624465243189706
1243	2908	3.925217809761471
1243	1963	4.018043487111678
1243	1028	3.7465913837037044
1243	1968	3.8128781001322913
1243	356	4.08355841440462
1243	34	3.9370903937585866
1243	357	3.846705941424256
1243	3712	3.17927554663475
1243	2915	3.6826328845060443
1243	2770	3.205972347394467
1243	2918	4.130092395676117
1243	500	3.397522047398039
1243	3578	3.887119329695214
1243	45	3.3623675999123415
1243	3591	3.328776482561821
1243	2000	3.858534827572369
1243	2003	3.3274134016624553
1243	2007	2.7676104036129923
1243	1060	3.867668727625291
1243	2946	3.7956419922385227
1243	537	3.16780356650494
1243	539	3.7899484531697407
1243	1079	4.028576167573798
1243	1220	4.024011188878594
1243	1223	4.303437324914957
1243	1081	3.5372310264480356
1243	3911	4.165999898749086
1243	2973	4.07830516208349
1243	1091	2.8277966434986634
1243	708	3.471746440896716
1243	562	3.6929319660886084
1243	568	3.84698390278016
1246	3948	3.7802536172799313
1246	3615	3.277979917674101
1246	3827	3.37559753848147
1246	3897	4.216777574145141
1246	3910	3.9311182826147433
1252	3949	4.479849745698981
1252	3897	4.441613369380854
1252	3580	3.2486300881177943
1252	2952	3.8945088163992474
1260	3796	3.370314349192981
1260	587	3.6081891136467568
1260	1404	3.256725433813117
1260	1407	3.4192143443732244
1260	3949	4.327675046503073
1260	1265	3.999489008467157
1260	593	4.158880520125207
1260	597	3.7603547192540465
1260	3020	3.655157183763106
1260	778	4.121009381989563
1260	1465	3.506219694512357
1260	2273	3.4955237306389937
1260	1476	3.577045412469976
1260	3081	3.3967400914172368
1260	3082	3.3325752790636103
1260	1631	3.5788326925100007
1260	1633	3.7773877779967195
1260	2291	3.8617865232924595
1260	1641	3.7908785800890006
1260	2447	3.0914586443820187
1260	994	4.139922927419536
1260	1810	3.664142201749027
1260	2490	3.615326319116809
1260	223	3.7609863104003542
1260	253	3.633570229225785
1260	268	3.373479475252321
1260	3620	3.1169671676375748
1260	412	3.633097931539377
1260	417	3.435298036562968
1260	272	3.749399125508151
1260	1889	3.9519859950230107
1260	428	3.9907868850091317
1260	282	3.3126093648449064
1260	288	3.575577978666536
1260	440	3.878653912695997
1260	1120	3.671445271942956
1260	454	3.692296280132715
1260	2108	3.846705742118788
1260	802	3.52283662525363
1260	1339	3.43679075637607
1260	2145	3.3564161228707525
1260	3105	3.8786558148287784
1260	3107	3.5466124733383313
1260	832	3.441170480880473
1260	3117	3.427771680779136
1260	1517	3.772605406268805
1260	1393	3.8880742746413115
1260	3148	4.064426001126984
1260	1552	3.0773961323118515
1260	105	3.3962194318390617
1260	1721	3.8253338568908566
1260	1735	3.258690948704832
1260	2539	3.437292923341831
1260	151	3.6920188331046693
1260	300	3.891473438054366
1260	1923	4.055991242050612
1260	2580	3.891909381113001
1260	1784	4.14362681028097
1260	11	3.7949513772081716
1260	14	3.5747433359655103
1260	337	3.943890674507855
1260	194	3.805193653103443
1260	2769	3.3339054326466813
1260	356	3.902488672032261
1260	357	3.91170973009914
1260	39	3.606548162583832
1260	509	3.724928540368466
1260	3720	3.6405104211431265
1260	1043	3.0061245998108936
1260	529	4.0166859605751855
1260	384	3.0659435001266693
1260	69	3.684785164520057
1260	1061	3.578215824224932
1260	2959	4.080704902387789
1260	2025	3.425063461134761
1260	1245	4.175291089477515
1265	2607	
1265	3160	
1266	3943	2.640412887079254
1266	901	3.6968045660149866
1266	910	4.2835291702937734
1266	2259	2.6864080270877526
1266	2261	3.303275623168078
1266	2410	2.6344613313589638
1266	2411	2.473626615997428
1266	2412	1.9942440348702655
1266	3401	2.2224999167457495
1266	2640	3.6230097109844768
1266	2643	1.5472089278440047
1266	241	3.3702338155009777
1266	3462	4.168826793336629
1266	427	2.2306462534374467
1266	435	2.3829889403420794
1266	3827	3.228559931261312
1266	2119	2.158858727370056
1266	2122	2.2999046972438886
1266	3862	3.3941006399095026
1266	2123	3.009553157059695
1266	1322	2.002483998940805
1266	3891	2.5956329286574924
1266	3892	2.6818694482396976
1266	1365	3.758426020144485
1266	839	2.1487945865405504
1266	1388	2.348459709408413
1266	1544	2.4629024673113227
1266	888	2.4643692931591583
1266	1567	3.2717228168768666
1266	312	2.375960721938768
1266	313	2.8899246477813065
1266	327	2.583620192073424
1266	186	2.7726085533445257
1266	2754	2.463147403497432
1266	3571	3.13645383445724
1266	3756	
1266	3776	3.291570604530053
1274	1251	4.005344423381243
1274	3947	3.303930181246792
1274	1419	3.8860917162394135
1274	3067	3.8049651782117104
1274	946	3.7005256819376804
1274	3089	4.2213668747090045
1274	3095	3.8830736067305005
1274	3405	3.7346966739850505
1274	3622	3.5851672074005574
1274	3629	4.103014621584622
1274	2847	3.775036236888159
1274	3819	3.796962742063218
1274	1136	3.90919897737298
1274	1161	3.802544986521741
1274	1199	4.297247361281445
1274	668	4.141892238512944
1274	3897	4.277411478076094
1274	3134	4.293146920085695
1274	3140	3.251717313293573
1274	2351	4.09787649026948
1274	1935	3.9192688549713792
1274	2921	3.792295714431486
1274	2932	3.7710694586865667
1274	3741	3.882493410266394
1274	3742	3.8829179922008774
1274	3903	3.4274774486346096
1274	1235	3.966962050064386
1285	3039	4.180191173082858
1285	2401	4.094061288271634
1285	2408	3.069024542359941
1301	3300	3.2949943511014435
1302	741	4.695694127439688
1302	1422	3.6363066978344354
1302	2232	4.08985522085172
1302	780	4.104636444053178
1302	1603	3.497043284176508
1302	2428	3.3631235915814233
1302	1644	3.1951898175570554
1302	1653	4.267695619200889
1302	1676	3.820158037212511
1302	2628	4.089515240915857
1302	2672	3.729508810597014
1302	1892	3.908167048095079
1302	2841	4.216366553898817
1302	442	3.5879580359401673
1302	3697	3.5073232307000493
1302	480	4.269660387318187
1302	2126	3.315030451195218
1302	2322	3.513207354889906
1302	1527	4.234636313219657
1302	2338	2.777190783135085
1302	880	2.829555546068195
1302	1573	4.004464766010453
1302	1580	4.366949568842751
1302	1584	4.317936365948254
1302	1590	3.1519392552952437
1302	1748	4.436692054333138
1302	1917	3.8222155516189025
1302	1779	3.27426024083568
1302	316	4.065580099976144
1302	185	3.4349113472559156
1302	196	3.4577107174055173
1302	24	3.745483410829351
1302	2916	4.223909165635187
1302	1059	3.939529520819852
1302	76	3.4610528138640038
1315	1269	4.54463770783137
1315	3317	4.359661614396265
1317	1456	2.5865178444846118
1317	2273	3.4744488639342057
1317	2293	3.4352048307930345
1317	2629	2.8972137779231275
1317	2686	3.964849899446191
1317	3825	2.9195209677874834
1317	3826	2.6704310236384474
1317	3859	4.033735037812392
1317	2398	4.242108384932915
1317	335	3.8059619998342162
1317	3556	3.767911952840141
1317	2946	3.8961843274777497
1317	3901	2.6829330629681993
1317	1232	3.71284150018919
1327	588	3.6582792375066755
1327	595	3.7409858776219713
1327	783	3.102694486650452
1327	1487	2.735918771228345
1327	1688	3.3268628837105205
1327	661	3.296709982135005
1327	1566	3.125553196757509
1327	2394	3.3916504323846683
1327	1772	2.3261979410102307
1327	364	3.65394935497965
1327	73	3.6900613746521396
1327	551	3.374168491814167
1327	1093	3.1607688861288326
1348	2092	2.7667102475377106
1348	2125	4.0170245987569695
1348	1196	4.430783423160874
1348	3882	3.520028244675547
1348	1380	3.8505212239706506
1348	2194	4.247331895799069
1348	107	3.4478953713838396
1348	1760	2.0918894832995867
1348	1951	3.9820488680714807
1348	2918	4.343619176014524
1348	73	4.12785098087958
1348	3911	4.408544277162269
1348	3916	4.1909339182437035
1348	1242	4.471182636493509
1352	1252	3.965941243824268
1352	1263	3.6931586109323193
1352	3952	3.336920524787406
1352	750	4.1010379213341235
1352	1288	3.8958430387892586
1352	924	3.674211633646696
1352	2130	3.365557251255498
1352	3896	2.92765042969804
1352	3897	3.8246337179345584
1352	680	3.0647001599879737
1352	896	2.9016488186271254
1352	3504	3.6422502251990285
1352	1921	3.379340143589326
1352	3578	3.693769376367331
1352	1208	3.8589856190959058
1352	2019	4.127289159262083
1352	2959	3.7058869503850236
1352	541	3.8990773769942186
1352	1222	3.6265790655503416
1352	2028	3.855183444182183
1352	1233	3.8785970951199764
1352	3783	3.638696837683636
1354	3943	2.7988619588309147
1354	2769	3.287570419752489
1354	3598	3.5278036674679063
1355	3188	3.8754392251821015
1355	3189	3.852400917556808
1355	3510	3.9932584860221687
1355	2712	3.4928869159259937
1355	3911	4.404671814792796
1369	2	3.3478882443824025
1369	1271	3.7352456758810213
1369	2087	3.5742813394611397
1369	903	4.491529726047568
1369	2093	3.1002251963891423
1369	904	4.707186289008886
1369	950	4.392156529486843
1369	2628	3.657700914695401
1369	671	4.00315383940869
1369	673	2.4845407105553567
1369	1702	2.779974565391267
1369	117	3.7440088785069414
1369	2542	3.9429598207386904
1369	317	3.3963504846935844
1369	2797	3.7312906781174697
1369	2000	3.824228181761381
1369	1212	4.6753889544411305
1369	541	4.066798849943504
1369	2021	3.5428702057703148
1383	1267	4.142982293769089
1383	111	3.5384051496392273
1389	3000	4.2188705231595485
1389	904	4.738075519780385
1389	908	4.644242264927871
1389	3098	3.9334000695952698
1389	969	4.44158583069731
1389	3253	4.175140632920767
1389	1682	3.914383945427471
1389	2686	3.9913376307910977
1389	2687	3.622397227393751
1389	1307	4.119678959952723
1389	678	4.356858221345945
1389	2321	3.7273560590896304
1389	2336	4.101444261803049
1389	2359	4.129303091966844
1389	2366	3.987634253081055
1389	3181	3.8330140508842074
1389	111	4.458817762985857
1389	1730	3.796334403746397
1389	3359	4.292220571390529
1389	3361	4.129223467941679
1389	150	4.420433829365233
1389	2728	4.281229599914759
1389	3386	3.6998980395142715
1389	1957	3.8561035788236318
1389	1961	4.230790389844186
1389	45	3.508923145485468
1389	1982	4.13652212062158
1389	1050	3.932921879835676
1389	2791	4.3196760962246215
1389	2018	3.966065389726124
1389	2959	3.689017541816151
1389	1231	4.300297395273653
1389	1246	4.089112064837408
1390	2989	3.7472219911586597
1390	2990	3.419286519088071
1390	2991	3.8463631890702223
1390	1265	4.219742720154394
1390	733	4.011347461957386
1390	592	3.910702193880571
1390	597	3.9181777745658026
1390	1291	4.412833569982656
1390	2094	3.43159852273171
1390	784	3.017213843126522
1390	2405	3.3281911327445006
1390	2406	3.9140891159442943
1390	1461	2.809772648606017
1390	1608	3.848569862994019
1390	1610	4.464888762883684
1390	2424	3.6810942972910032
1390	2427	3.5178666010876882
1390	1485	3.6987852063879934
1390	3247	3.3979859887027177
1390	3255	3.9823924102947945
1390	3256	4.068411338473215
1390	2613	3.282036118249731
1390	3418	3.794466887158173
1390	236	3.55298660371553
1390	2806	2.850849345630998
1390	2671	3.9241916189354913
1390	3481	3.9652756641553544
1390	1882	2.565076258637604
1390	3638	3.467357818686136
1390	1894	3.17940781220841
1390	288	3.3303396130542837
1390	1101	3.9781481894737554
1390	434	3.3111567409472364
1390	457	4.447675764915796
1390	3827	3.7203301773732003
1390	474	4.046760893534144
1390	480	4.009866255628193
1390	485	2.722843830947128
1390	2108	3.944426626873996
1390	639	2.913218736869384
1390	497	4.239564294507763
1390	2115	3.9681363817410844
1390	1370	3.809031394069031
1390	1374	4.232359636324045
1390	1527	3.727131173679675
1390	1387	4.506728435758912
1390	2335	3.17142946050528
1390	2194	4.258291023822746
1390	2347	4.038902444554769
1390	2355	4.067676644992194
1390	1556	2.130298651979413
1390	3301	3.6766395449951763
1390	2501	4.394170161501696
1390	1569	3.701012934606019
1390	3317	4.172512494447713
1390	2376	3.4867877168711146
1390	1580	3.8174575981410457
1390	3189	3.8485762803776975
1390	1747	3.6139756183159215
1390	3513	3.644487182775443
1390	1917	3.4937025719991
1390	1777	3.6849547815784494
1390	1923	4.077505119792894
1390	3534	3.3745469845577865
1390	10	3.815373247029729
1390	333	3.734889176631573
1390	11	4.031270580917294
1390	1954	4.310295199625516
1390	344	3.4316892408787156
1390	3705	2.79572533571349
1390	39	3.80435858580412
1390	500	3.6389612256991852
1390	380	3.8986439053288064
1390	2000	4.246514304333219
1390	1201	4.428552897396417
1390	2006	3.8740926710597483
1390	2948	4.140647476024843
1390	539	4.058488265116988
1390	1220	4.167921585876444
1390	708	3.634163733774835
1390	1240	4.483721960671509
1390	1242	4.502329697073174
1390	3785	3.2015588293479866
1395	3421	4.611584690652803
1395	3601	4.075483685439735
1395	3618	3.831968324692698
1395	3671	4.655339995497699
1395	3831	4.11633920416423
1395	3863	3.639670313610519
1395	3879	3.3037816919196414
1395	3896	3.88206580934389
1395	2507	3.2792314305668655
1395	2542	4.33613646368189
1395	3911	4.592795586557042
1413	3095	4.1522830354501865
1413	3823	3.4659951930872968
1413	2769	3.158954466284149
1413	3598	3.348686710008983
1413	3911	4.115478295459938
1415	3793	3.668549598523854
1415	720	4.1504483025912515
1415	588	3.460604249067357
1415	3006	3.685081822849124
1415	3948	3.4662078756915484
1415	2067	3.7011459570446736
1415	592	3.299663070277902
1415	1272	3.944046408563466
1415	1278	3.9925424686244493
1415	1284	3.9685148299474555
1415	1287	3.8095376217913577
1415	900	3.484614845479576
1415	903	3.8980521377168147
1415	1291	3.930306652849031
1415	904	4.148378873070521
1415	919	3.918175371028775
1415	778	3.6336656832807432
1415	920	3.7789190199452243
1415	923	4.072204252462082
1415	3079	3.5043569522041906
1415	949	3.660539642783488
1415	3088	3.7894783811526143
1415	953	4.0175616310365365
1415	954	3.9848763228304858
1415	969	3.925033172287417
1415	1641	3.628091112588613
1415	1653	3.4023094164318928
1415	3408	3.461091984069003
1415	1673	3.4960791331923384
1415	1682	3.6815223076263246
1415	3296	3.5203319802087254
1415	231	2.9360337386895847
1415	1873	3.4996006839165013
1415	3481	3.70645653443826
1415	2686	3.6256470754823065
1415	2692	3.963241882171577
1415	1101	3.328497898035854
1415	296	4.091791753999334
1415	440	3.41420604308791
1415	441	3.2852461593476128
1415	2866	3.350014655553292
1415	3811	3.7664455894500346
1415	3814	3.7101709866965646
1415	3686	2.90286132491966
1415	1302	3.5946025378164035
1415	3852	3.4487557665964705
1415	2115	3.3960046974344076
1415	3868	3.357261976573133
1415	1183	3.2674508703970964
1415	2138	3.4821322782190705
1415	1193	4.08735170848522
1415	3897	3.9981669138067057
1415	3114	4.031425856767634
1415	1374	3.6010095179150436
1415	848	3.0818368857001177
1415	2194	3.6416734820065866
1415	1393	3.4269688550733046
1415	3147	3.9040889406099364
1415	2501	3.8095126373323196
1415	3320	3.253052897655533
1415	1580	3.500379326776925
1415	3186	3.1671327594614387
1415	2396	3.6217881241639076
1415	2398	3.7282830899588553
1415	3359	3.7534578032070134
1415	3362	3.546785237830099
1415	2565	3.712672941854242
1415	2716	3.4982767495854494
1415	2573	3.1228433113451506
1415	162	3.7414845489594835
1415	318	4.36734873246628
1415	1942	3.689981567522542
1415	1944	3.7461127176939004
1415	1012	3.4082058505427377
1415	1953	3.735234051371458
1415	2757	3.443108113429009
1415	1955	3.4634968204143446
1415	25	3.424114409706914
1415	2762	4.2459304895050325
1415	1961	3.6787325584775212
1415	1962	3.567409025659051
1415	356	3.8283301096109352
1415	39	3.3986703422290843
1415	2918	3.7391425457191487
1415	1036	3.7913035594778304
1415	3578	4.013894959099872
1415	509	3.3045354306179804
1415	2924	3.5947185593606847
1415	2929	3.0782138358467597
1415	50	4.344570995779141
1415	2797	3.4216604031955367
1415	529	3.614714274203782
1415	2006	3.184272609267764
1415	2947	3.6939222535363934
1415	1208	3.841926760649245
1415	2948	3.564031982972063
1415	539	3.4667671523287944
1415	3751	3.769366399023696
1415	1213	3.965827567925402
1415	1219	3.8704018734892705
1415	1073	3.4886286301053797
1415	1077	3.6235475313776746
1415	3901	2.2390850469084618
1415	1084	3.7531793485978744
1415	1230	3.791936686322709
1415	1233	4.0428318153627485
1421	3949	4.218339858694885
1421	1617	4.336903712355617
1421	1641	3.922240005045121
1421	3843	2.8025356536655774
1421	3889	2.3634924829249697
1421	2318	3.8615603446857047
1421	1393	3.507527680899994
1421	1711	3.211716677465368
1421	2572	3.347028601608636
1421	1946	3.908441366095723
1421	1231	4.0899940430515125
1422	3481	3.008073049117982
1422	3893	3.0858212914741476
1422	3897	3.724991787098362
1422	3159	3.4280519759697574
1422	3317	3.3985676197336274
1422	3785	2.7053994010417584
1425	577	3.2773679905053124
1425	908	4.78016576092154
1425	2411	2.9991376694966085
1425	3078	4.006588675146945
1425	3250	3.591825721517799
1425	1678	4.190814051796583
1425	3441	3.6295882945849494
1425	2641	3.46059758248608
1425	2642	2.5291374789964665
1425	2643	2.0582185177499497
1425	266	3.3860049869441893
1425	271	3.6789492958000567
1425	423	3.473928323137024
1425	1101	3.9279598379457012
1425	436	2.78737059529187
1425	1177	4.366218346868944
1425	2142	3.160841634282375
1425	3897	4.743482598700687
1425	836	2.775245204262019
1425	1517	4.130020026591215
1425	3129	4.091928631893096
1425	2334	3.4516752106266284
1425	3156	3.0081753252412367
1425	1556	2.145854623599491
1425	2363	3.730238161167226
1425	2524	3.324796762065011
1425	3183	4.016973729954933
1425	1590	2.7989060967220976
1425	2725	4.064211348420608
1425	3534	3.3071881034736457
1425	3705	2.876689572268996
1425	372	3.498730511412992
1425	3741	4.373444073431254
1425	1061	3.8883992267488647
1425	3751	4.526465890803522
1425	3754	2.7652363196533014
1425	2025	3.6984956210281568
1425	3911	4.447740859496951
1425	2976	3.9914891641671026
1425	2985	4.021427100960786
1447	1285	3.77146004706962
1447	2103	3.0338464963528926
1447	663	3.705885394071926
1447	3355	2.748994100947439
1447	2560	3.0322969747163064
1447	1015	3.5674171243021298
1447	1977	2.1355257971820953
1447	1981	1.807228393950464
1447	1077	4.10460936480799
1449	3785	2.3261907692102066
1451	2411	2.9410398205917487
1451	3098	4.1603287405181675
1451	427	2.617855804313651
1458	2997	4.091440639145967
1458	3943	2.711506116741965
1458	3948	3.6669501570893717
1458	1265	3.937304679792834
1458	593	4.242431843332042
1458	1272	4.229510359647585
1458	2078	3.7749988436326745
1458	1288	4.156245561795801
1458	919	4.177305894562004
1458	1617	4.156666552193525
1458	3095	4.067339550009768
1458	2648	3.987034269356352
1458	2804	4.219675980738689
1458	260	4.390208818205698
1458	3646	2.455390402687427
1458	296	4.24320972554827
1458	3821	2.6219855474044396
1458	3852	3.68528330698443
1458	1196	4.219397435543634
1458	3893	3.493558681009568
1458	3897	4.220730005554932
1458	2336	3.961939131304208
1458	3301	3.3459647170813724
1458	3326	2.858838880684882
1458	2728	3.951302096312966
1458	318	4.570843784035412
1458	3534	3.062104171599065
1458	3536	3.6364096921966
1458	34	3.8333509605106197
1458	3596	2.6990787328318784
1458	1207	4.332550301615664
1458	3752	3.050548057348017
1458	3754	2.4339098238295125
1458	2028	4.422847336681963
1458	3911	4.127280371855496
1458	3785	3.029027142233385
1491	6	3.4842684533808823
1491	3007	3.6550868444712523
1491	1416	2.8128086393695573
1491	2082	2.474330017541236
1491	756	2.887578959077442
1491	900	3.390863075226511
1491	903	3.9014638840477445
1491	1291	3.8947195890761432
1491	2268	3.391447758980926
1491	3250	2.9137663262566043
1491	3256	3.239447376485788
1491	1660	3.259627074585466
1491	2858	4.308873812339417
1491	2863	3.602956520638465
1491	457	3.642903166706571
1491	3688	2.3674170403439803
1491	1198	4.268348516992241
1491	3897	3.913763037919478
1491	2300	3.6780214495021117
1491	1380	3.402560274943677
1491	3178	3.4926207499135806
1491	2571	3.748073196132772
1491	1917	2.521198902789768
1491	3526	3.519054218963579
1491	3536	3.360416388682787
1491	337	3.416851666613051
1491	21	3.4117052803815997
1491	2916	3.2042081615206546
1491	523	3.221719590848508
1491	1059	3.0449712273250538
1491	3746	3.399459166963284
1491	3753	3.1918029238482237
1491	2952	3.354269226025372
1491	1214	3.726173832886969
1491	1078	3.4570928888384134
1491	1222	3.6782769084721836
1491	3910	3.5017205583849877
1491	3911	3.898127192102974
1491	1230	3.8375168417742054
1491	1242	3.8224149105628302
1491	1247	3.9297534207994045
1500	1257	4.23903900325397
1500	1259	4.375802213502322
1500	1265	4.451443572399815
1500	1278	4.647845973787338
1500	3039	4.200932654462146
1500	1292	4.35114664771796
1500	2248	4.26808096018817
1500	1449	4.581676331750539
1500	934	4.0103811025191805
1500	3210	4.211753905591196
1500	1641	4.138531053687475
1500	3253	4.150040982561711
1500	2463	3.800051378345127
1500	1663	4.225536171385884
1500	3421	4.498860326541731
1500	3429	4.671476046640739
1500	3608	3.843212248892028
1500	3481	4.317998074739916
1500	441	4.14284138612261
1500	3809	3.773552263687431
1500	1136	4.813000781462394
1500	471	4.032222669856895
1500	1307	4.338533794970081
1500	1197	4.456646924288782
1500	1500	4.1086979968924435
1500	3108	3.9613092415616844
1500	1517	4.510840744099299
1500	2174	3.8432406402075197
1500	1394	4.314543720276236
1500	3147	4.475499574388286
1500	1573	3.808868198117648
1500	1732	4.184280160681406
1500	3361	4.121901570737128
1500	2716	4.313653348504723
1500	1923	4.605794959714488
1500	318	4.906074028917319
1500	1965	4.070647629596595
1500	1968	4.084115339060962
1500	2915	3.98930392950502
1500	2918	4.442045091711014
1500	45	3.6860475349768564
1500	2791	4.370162649321865
1500	2797	4.277608251405435
1500	2000	4.191467799064323
1500	543	3.7814553461216716
1500	1077	4.370446007455454
1500	1079	4.353750257381587
1500	1223	4.703389805634179
1500	1080	4.469670329629821
1500	1230	4.536251913856546
1519	2640	3.2201018259134524
1519	2804	3.9945187751243396
1519	1171	3.3566193753538274
1519	3868	3.489793763087166
1519	2371	3.2403917849174078
1519	3552	3.458216622520965
1519	2795	3.5286237965727634
1519	532	2.6281819936691178
1524	3006	4.212328349301408
1524	3949	4.571458855346255
1524	3952	4.020667365471253
1524	778	4.148262903724461
1524	799	3.673058883879941
1524	3298	3.8519510655745703
1524	3618	3.641500243436482
1524	1876	3.651571400518888
1524	3481	4.054885104766762
1524	3827	3.7696366525148073
1524	480	4.16882280857156
1524	3859	4.021249772928731
1524	3893	3.981672440612346
1524	3897	4.688080959660317
1524	3100	4.076523158643782
1524	1527	3.4615078647226736
1524	1544	3.0067785961216837
1524	2506	3.539578344998151
1524	3316	3.0685870735295473
1524	3328	4.110068350430678
1524	3188	3.9381729432475523
1524	3510	4.153276794377841
1524	3513	3.6461781740566312
1524	3514	3.4856649122066354
1524	2572	3.908670551548812
1524	1917	3.8491566590809514
1524	1921	4.041758227228644
1524	3536	4.072529491822269
1524	328	3.4220565474122995
1524	3566	3.604646005061302
1524	3571	3.6109785584525698
1524	2011	3.9628284831902914
1524	2959	4.743326359415124
1524	3911	4.500613350970713
1524	3783	4.357113946497927
1524	3786	3.6790075475033763
1530	597	3.797695924440416
1530	3033	3.3264905654307126
1530	2407	3.635971604736237
1530	2424	3.415231766526889
1530	1485	3.572697199864428
1530	2289	4.17706218960078
1530	1648	3.662428162593236
1530	2496	3.4826871613650168
1530	3450	3.511062482397054
1530	3614	3.4015892993716244
1530	2683	3.948816053345931
1530	2836	3.4899254306234284
1530	2891	3.6539854752437106
1530	492	3.892047813668416
1530	2167	3.5277290828735866
1530	2311	3.573352715465312
1530	1513	3.33240427108766
1530	1395	3.4409666570562307
1530	1701	3.6706261479823623
1530	3328	3.994799734186045
1530	2567	3.3498821645798635
1530	3516	3.863633786782324
1530	1777	3.517987210841574
1530	3544	3.2286146747708955
1530	2746	3.449925308526613
1530	333	3.8886786037373287
1530	339	3.535244297686867
1530	357	3.668402246838778
1530	3591	3.565454672055352
1530	2001	3.7389818945724964
1530	2003	3.3271028707677304
1530	3745	3.5707563083824385
1530	2010	4.276113272966989
1530	2011	3.382495361821322
1530	2012	3.141698450384997
1530	543	3.6253966974530387
1546	3	3.2946694438914466
1546	3949	4.401839526474305
1546	3952	3.8090396424621407
1546	3271	3.992113371874962
1546	2622	3.405994908728996
1546	246	4.316151601540632
1546	3827	3.5862340619539324
1546	3831	3.8499551442252637
1546	3897	4.403500247544683
1546	1527	4.000308304537184
1546	858	4.247210793430208
1546	1544	3.3244096837086516
1546	147	3.58127349792353
1546	1907	3.8297756434157244
1546	3556	3.706399250435307
1546	2763	3.732339088694272
1546	520	2.937251817594138
1546	541	4.799750353317702
1546	3901	2.658790696816227
1546	3916	4.021640598512979
1551	1250	4.488248585600646
1551	2993	3.767450283398914
1551	3943	2.8548900337957477
1551	3948	3.7675787406827523
1551	3055	3.4422201189781623
1551	2278	3.5767683399523666
1551	3814	4.115678625856528
1551	858	4.578590090474309
1551	3317	4.052447207191199
1551	3361	3.899952212224496
1551	3362	4.037966918235444
1551	3551	3.979440223640233
1551	1212	4.546497369539091
1551	1221	4.437601607881574
1551	1225	4.313097505418536
1551	3911	4.253807369652075
1556	1250	3.8945010404207263
1556	3435	4.076724490640084
1556	3897	4.007866736162088
1556	2502	3.431540428796626
1556	110	4.356970900208868
1556	333	2.9029489496148395
1556	361	3.099117642329941
1556	3753	3.656711977130226
1579	2993	3.612773797090748
1579	2076	3.6537346645800453
1579	2085	3.452548860645052
1579	2095	2.9214438477565903
1579	2096	3.64968578061718
1579	1298	3.428738800436905
1579	3040	2.9629424397020205
1579	2409	3.1477034362515113
1579	3068	3.703264047595549
1579	2412	1.9455731605072069
1579	2413	3.0364968921110074
1579	3224	3.9617889270254705
1579	2422	1.9120011388387923
1579	1621	3.07900647422949
1579	2450	1.6534807123373987
1579	2469	3.2243309676665937
1579	2472	2.8538051762151757
1579	2474	3.3870761561299916
1579	3430	3.2983074523808145
1579	3296	3.662647920937369
1579	2640	3.8845298200409317
1579	2642	2.0587984233728562
1579	2657	2.8934395790609306
1579	2815	2.498994478479772
1579	2816	1.7580563413202075
1579	3484	2.466504308688469
1579	3635	3.5460532389284776
1579	3638	2.9766203958830446
1579	2846	3.3029735191231215
1579	3649	2.9424308339097123
1579	3671	4.03048805528838
1579	2877	2.887791929814822
1579	3688	2.604846996984476
1579	2109	3.575606418981204
1579	639	2.4608059600759353
1579	3861	2.9496036386103635
1579	1186	3.509450948144735
1579	2133	3.2198043286549756
1579	2136	3.056255532890089
1579	1344	3.8532858382813306
1579	1371	2.913662430763843
1579	1376	3.3230332734333756
1579	1380	3.5311224608305145
1579	1381	1.7238091929120387
1579	1388	2.4646946331467943
1579	1389	1.7790330602231021
1579	3317	3.81817865280404
1579	2376	3.0292894048812866
1579	3328	3.6325503283780813
1579	2398	3.8569828956736227
1579	2735	2.460457696702308
1579	186	2.7270196860565767
1579	1947	3.998217418497333
1579	1016	3.095256991592326
1579	1023	3.924413551334044
1579	1025	3.4743147104029877
1579	1029	3.8038360716418183
1579	1032	3.77393899624747
1579	1035	3.8006316003470975
1579	1059	3.03351586122617
1579	1998	1.6772581993947846
1579	1203	4.259178415978059
1579	1061	3.3725979696788606
1579	3751	3.617015627536878
1579	2015	3.436308600102624
1584	1257	3.594563405638633
1584	3949	3.8970187834771264
1584	2065	3.406996705648211
1584	3033	3.186804886858718
1584	2261	2.934234616579776
1584	2416	2.5433189130153284
1584	3087	2.9633483386065773
1584	2463	3.0615542048832665
1584	2470	2.9856580920609583
1584	3827	3.152726500321556
1584	3693	2.1692244838928283
1584	2100	3.08470261708876
1584	1307	3.9967794229753597
1584	2110	3.0735409848340804
1584	3868	4.004094825092718
1584	2145	2.933250439011886
1584	2150	3.420149989736295
1584	3895	2.0471398823107902
1584	3317	3.6649111447068936
1584	2371	3.114132242723573
1584	3182	3.4706733886207286
1584	2736	3.1029568623586803
1584	3539	3.5355557705606366
1584	3397	3.3029626239237313
1584	3398	3.131650595453158
1584	2746	2.9657503922583195
1584	2750	3.465235944134826
1584	2918	3.4870573881403595
1584	2791	4.967166294439203
1584	2797	3.4296972405452633
1584	3747	3.374478755824932
1584	2011	3.041449689118279
1584	3910	3.392902610465158
1597	2987	3.5628019728700293
1597	587	3.1830651040799363
1597	3943	2.6013660510445815
1597	1405	2.819846182579572
1597	1274	3.7626273982684473
1597	741	3.9712927046214563
1597	2081	3.659285971230691
1597	2245	3.240698377241918
1597	2409	3.038323739305022
1597	2410	2.653812024378046
1597	2411	2.5167905242715127
1597	2412	2.09676000281762
1597	2294	3.3730944980527395
1597	3098	3.5773666805959525
1597	2602	3.2426234072564513
1597	2617	3.179142377612608
1597	2640	3.282074190326607
1597	2641	3.0301353887624436
1597	2642	2.1284003228434902
1597	2810	3.8600062039788217
1597	2687	3.490595427148102
1597	1147	4.188179939781087
1597	2890	3.7056859840378005
1597	2119	2.109950050411015
1597	1321	3.6254594335098025
1597	3108	3.4881488811217114
1597	2365	2.5477987530771737
1597	2366	3.4964713065076016
1597	2384	3.2863877666974384
1597	2700	3.487556973197946
1597	1785	3.231839686910216
1597	1954	3.7571684798779286
1597	364	3.8842216026854306
1597	3725	3.008424378860336
1597	3747	3.5681096020436005
1597	3910	3.749565250047582
1597	3911	4.027178528214662
1597	1093	3.1919379542230253
1599	1289	3.59244491893032
1599	2398	3.9318523760420794
1599	2554	3.2178737240125725
1605	3791	3.154216950166816
1605	581	3.8236578020181216
1605	587	4.186021566648467
1605	1265	2.9477780410574863
1605	1268	3.38620887580382
1605	2086	3.4149929056551125
1605	2263	2.9663994919678593
1605	2416	3.2645557009071395
1605	1617	3.9114861926644044
1605	2424	3.313540382356014
1605	3087	3.3349595012656224
1605	3249	3.041418500483216
1605	3255	4.004975061975864
1605	3258	2.6005528601941563
1605	1665	2.7575344504315598
1605	2471	2.7563172516319954
1605	200	2.7518086699701363
1605	240	2.940272668977351
1605	3461	3.465497318103366
1605	2805	2.8645287275495486
1605	256	2.70151842115616
1605	3614	2.994473790978961
1605	408	3.5001796592139485
1605	1888	3.0442120248463356
1605	419	2.141188519739092
1605	289	3.326192917359091
1605	2848	3.7785850754306454
1605	600	3.0745048497139993
1605	3686	3.1619471347520762
1605	2101	3.689861411331033
1605	3841	2.5611638461497477
1605	3848	3.111322860824512
1605	638	3.2773888426813444
1605	499	2.785455468396184
1605	3852	3.6869162188399613
1605	2357	4.1078820067089845
1605	3163	3.3895015656853036
1605	3179	3.377291908638087
1605	1587	3.2469239511596713
1605	2532	2.8095068172120254
1605	1753	3.1278506653864313
1605	3515	3.0516463506582747
1605	303	2.7626520304867843
1605	3394	2.7430570452270198
1605	187	3.0751705785049213
1605	1945	4.151801459754836
1605	13	3.253023798989719
1605	2752	2.8776996531784045
1605	2786	2.3293024422200888
1605	2003	3.0132749555758163
1605	3743	2.561523283997703
1605	1064	2.9055915280941527
1605	2026	2.6717521991131514
1605	1226	4.074489928053857
1605	3773	2.8429930138370834
1611	1291	4.386600007182983
1611	261	3.8458543016978175
1611	3623	3.827793604182566
1611	2861	3.2544517365723986
1611	3827	3.758041284930371
1611	2891	3.6908530278249723
1611	2115	3.8729658491023553
1611	1396	3.803203473573306
1611	2384	3.4586357377529047
1611	2542	4.288638050590893
1611	144	3.602388894411369
1611	300	3.9593765794903177
1611	2747	3.482800262273034
1611	34	3.9458358958410678
1611	365	3.3815582754363422
1611	2010	4.379218613729651
1611	3785	3.1954685655624724
1616	2058	3.5245783972516214
1616	6	3.8218856468632434
1616	733	3.580255991399741
1616	736	2.891938230191629
1616	1429	3.1679490690009686
1616	1608	3.4163532987695135
1616	1616	3.0129457890568987
1616	2273	3.3471013019054388
1616	2278	3.4134006743253384
1616	3082	3.3328709744539187
1616	1488	2.76212630722169
1616	3256	3.6156791217593143
1616	996	2.8264881527497887
1616	3274	3.0086304991996005
1616	1676	3.0923619625906604
1616	2490	3.526440002283076
1616	251	3.2953342921749056
1616	2692	4.100973971797791
1616	423	2.9963161842289923
1616	292	3.0098329927877807
1616	465	3.098481660647598
1616	474	3.3921513030064583
1616	479	2.682631620964674
1616	2893	2.5932599081390295
1616	480	2.956482937888394
1616	494	3.107108150432252
1616	648	3.703912790021958
1616	809	2.569589324733036
1616	3107	3.5619983293842155
1616	2167	3.384273010118931
1616	1385	2.9272542588614616
1616	2334	3.059542916098768
1616	1391	3.159827113201323
1616	861	3.293436899098185
1616	1552	2.9365052966963487
1616	1573	3.174708962741338
1616	1722	3.3389367934437812
1616	2393	3.1182596118609225
1616	1597	3.204451288893156
1616	145	3.04786903723016
1616	1769	2.963399122825392
1616	1917	3.056056528393237
1616	165	3.318487396732582
1616	329	3.1206860513263224
1616	10	3.4997864785038817
1616	198	3.065963817406904
1616	349	3.5705918207227914
1616	2763	3.6284100048676873
1616	353	3.384397572245495
1616	507	3.4016352173221724
1616	517	3.2092094702619014
1616	376	3.019688575777733
1616	380	3.154961465901658
1616	2006	3.4201031267608197
1616	2023	3.253147591051833
1643	1258	4.354731717664009
1643	587	3.807611521034322
1643	3052	3.941789170320969
1643	924	4.3145749927327195
1643	2268	4.193669998336052
1643	2421	2.9609338284789315
1643	3254	3.1044041830543883
1643	2617	3.548328469068699
1643	3471	4.348608859003567
1643	2671	3.9476633370771124
1643	272	3.9480403964078308
1643	1370	3.8732018677588433
1643	2340	3.5593268738882076
1643	2712	3.483938607312659
1643	2729	4.108730026253708
1643	2730	3.7696799067025704
1643	1954	4.307971010600378
1643	3740	3.6825960377595197
1643	1206	4.361137442546259
1643	3911	4.404908843987677
1643	2973	4.303553436428127
1643	1090	4.320784234601781
1645	597	4.622836956782585
1645	2078	4.447685240587459
1645	2085	4.37548125767677
1645	2087	4.36289224674218
1645	1431	3.2946307952273406
1645	902	4.64914750364221
1645	2096	4.519650298154419
1645	762	3.250645041359634
1645	765	3.5855990937490696
1645	2247	3.8043854223213422
1645	914	4.892961534448272
1645	784	3.0488431879213986
1645	788	3.3859649841191026
1645	1460	3.638072913523948
1645	799	3.9963718546389098
1645	2423	4.430256139204135
1645	2428	3.601110123780161
1645	3087	4.152179343276012
1645	968	4.441863328948498
1645	971	4.759168146233338
1645	3258	3.4000664379577765
1645	2605	3.849497280607645
1645	3409	4.127144418536719
1645	2478	3.936985984000936
1645	3285	3.540625413380822
1645	212	3.390391297319929
1645	216	3.635140661686035
1645	1689	3.725189596013145
1645	231	2.980247354946428
1645	3606	4.736377691510531
1645	2806	3.423418211128906
1645	3463	3.2161052385581623
1645	1863	3.1661240464851557
1645	3616	3.31669907909235
1645	2676	3.899958397323579
1645	3481	4.688566474339083
1645	2826	3.6833420130758276
1645	413	3.2554088072485112
1645	1887	3.4955603088957523
1645	276	3.6823350085953153
1645	2840	3.9520027040828434
1645	2841	4.409621912023855
1645	1103	4.905414152617832
1645	3646	3.301017134269308
1645	435	3.2891028411861924
1645	3668	4.715837431575637
1645	3669	3.290069378106597
1645	453	4.065084354961068
1645	2870	4.437972447800659
1645	2881	4.21677557309735
1645	626	3.4546683864940713
1645	489	3.3913018113251883
1645	497	4.910624364847706
1645	3861	3.8240462292306985
1645	2147	3.419857815965506
1645	813	3.6092556142563432
1645	818	3.2212602956770073
1645	3895	3.163353896361861
1645	1359	3.4742696299554217
1645	830	3.958829545117288
1645	1517	3.520159699810548
1645	840	3.630115993980694
1645	1377	3.6232421684421006
1645	2181	4.54457195554656
1645	2186	5.10862680198339
1645	2188	3.576276297743119
1645	2336	4.957410414145369
1645	1391	3.59776793130462
1645	2355	4.518651663978634
1645	2359	4.680135475411576
1645	2504	3.885449791054557
1645	1566	4.255304893874666
1645	1569	4.542954203367227
1645	3175	4.533425231447849
1645	3177	3.531937476739752
1645	104	3.801491295232009
1645	2383	2.7093938226250573
1645	2387	3.6290973575283494
1645	2394	4.486121292641315
1645	1593	3.6440731966511457
1645	3345	3.9680801683533113
1645	1746	3.52507470056412
1645	2701	3.1604076905610614
1645	2706	4.377261149688629
1645	2560	4.140500369320436
1645	2568	2.998599698228508
1645	3510	4.436375941111914
1645	2572	4.274720010498284
1645	2719	3.35917319049193
1645	305	3.410610576193744
1645	3520	3.539529079667008
1645	2722	3.800301642057852
1645	2724	4.315000199452372
1645	2581	4.166024461207179
1645	3388	3.7159265434259736
1645	2597	3.412052900128886
1645	186	3.7229834476714085
1645	1947	4.773223581131994
1645	1010	4.287091889634568
1645	1012	4.493321091677655
1645	1017	4.395076213099616
1645	1019	4.561462817860519
1645	345	4.559167175759479
1645	1022	4.422812078390674
1645	2763	4.6159352217733325
1645	1025	4.42686704647545
1645	1965	4.27924613330228
1645	3717	3.9361352466519204
1645	1032	4.3741165292582025
1645	360	3.4399922239585368
1645	367	3.4980677574638195
1645	514	4.339444264262576
1645	374	3.165038643486525
1645	3597	3.5504853956286513
1645	2796	3.9591000899381736
1645	380	4.2920692084913545
1645	2799	2.6515203072428166
1645	1201	4.916134951229069
1645	2944	4.9231310098637815
1645	1207	4.995275965121398
1645	3752	3.8210033904292673
1645	2951	4.822777343659367
1645	3755	3.7453783213259317
1645	2959	5.03808423870478
1645	542	3.6618222660368223
1645	2036	3.351995337854933
1645	2038	3.8242705416391076
1645	708	4.476640502481032
1645	2047	3.9241636126544797
1647	1274	3.960995578736943
1647	2412	1.8521435249185785
1647	940	3.7912430158273867
1647	3098	3.684861296800782
1647	262	3.899542469602395
1647	3865	3.297798326941338
1647	836	2.384622011354514
1647	2565	3.9385042780615542
1647	157	2.57483744901003
1647	1012	3.575669281730401
1647	1042	3.5260029977420846
1647	2951	4.180164591994222
1647	2018	3.6239285385922795
1647	3761	3.017198614589591
1647	3911	3.997649383804351
1655	50	4.880344038603671
1671	1516	3.7667722460559605
1712	587	3.595610597622491
1712	2204	3.743697834720313
1712	733	3.7629935997546
1712	3950	3.2869367952991175
1712	2245	3.545528628533789
1712	3049	3.215072161819334
1712	2259	2.680991414244781
1712	2409	3.339633257299071
1712	2268	4.246252235797822
1712	2410	3.007830299802089
1712	2411	2.8067731784561274
1712	2412	2.104086452457623
1712	1635	3.5846593287169988
1712	2640	3.7260040967659505
1712	2641	3.1818253096454097
1712	2642	2.19211116275484
1712	3688	2.803512158119056
1712	3689	2.083648952635191
1712	635	3.5116836252892467
1712	2112	3.4131038725960963
1712	2119	2.178548638657239
1712	647	3.4141011312689766
1712	2122	2.341034446387355
1712	2176	3.839682671969466
1712	2177	3.1657348388658666
1712	2180	3.235122728207699
1712	1388	2.472171425694319
1712	3358	3.6342315936171876
1712	157	2.6832914598192867
1712	3527	3.6130134978381405
1712	186	2.7516516312821495
1712	1954	4.240453549943806
1712	1958	3.688042130461025
1712	3701	3.151342771419931
1712	353	3.659306166265911
1712	3730	3.9606762689142516
1712	3740	3.31091447275002
1712	3901	2.534755277254334
1712	550	3.029667538303601
1712	1093	3.2947106365888486
1712	708	3.3073798847335194
1716	3949	4.249244064886337
1716	3895	2.256152000682053
1717	1256	4.573618198334219
1717	737	2.1883779500361866
1717	903	4.430119270078108
1717	904	4.585304609128911
1717	905	4.372895177427399
1717	910	4.532022537551863
1717	912	4.5995618100883275
1717	2659	3.2999751733371836
1717	3462	4.341167595137406
1717	3623	3.2087882563256365
1717	3646	2.7835523791957226
1717	296	4.417752272963555
1717	2863	4.2827846652668455
1717	1321	4.059498078517788
1717	1348	4.241152345278572
1717	3134	4.580339253612297
1717	1534	3.8226893554571064
1717	2519	3.4072623355872653
1717	3190	2.3597797740660265
1717	3354	2.447356625439305
1717	306	4.4820537622133285
1717	1952	4.256735912633895
1717	3704	3.293064527413954
1717	1041	4.212590858624382
1717	527	4.385197149582588
1717	1200	4.418623382248672
1717	1203	4.245479813781094
1717	1207	4.513623289745222
1717	1212	4.6208552243341225
1717	2019	4.691521318994313
1717	2966	4.3479798614664364
1717	3769	3.532432640759846
1717	1230	4.780401461799399
1717	1233	4.524904133281535
1717	714	4.1140649533991045
1733	1288	4.2432667160499
1733	3030	4.224776564753816
1733	910	4.153906175517061
1733	1484	3.419446915461636
1733	1635	3.7975549434390494
1733	1648	3.263699221222538
1733	3418	3.1793688432451037
1733	216	2.970822649653131
1733	2660	3.8987446952274354
1733	3471	3.8207049392343264
1733	1875	3.2876759467292627
1733	283	2.9940870014229017
1733	435	2.5290840702335293
1733	2119	2.1222101305131624
1733	1173	3.2404485432843555
1733	3868	3.634338696320341
1733	3869	2.918400482361512
1733	661	3.2622489659893956
1733	1348	3.958890565723449
1733	2171	3.517265083099394
1733	2349	3.447747448454454
1733	1563	3.3274531495977326
1733	891	2.2804482221369886
1733	3319	3.057750372005963
1733	2529	3.6803329192928307
1733	154	3.6547569920029157
1733	157	2.708876556494851
1733	2726	4.080684277272592
1733	312	2.332172854125808
1733	1788	3.6875107366785946
1733	327	2.4698182093697203
1733	186	2.6499493404016374
1733	187	3.015826352886342
1733	3703	3.751185978301339
1733	3569	3.231620823028352
1733	1966	3.5519584271697697
1733	42	2.7957585338285074
1733	1984	1.9568264367081873
1733	370	2.586552039440333
1733	63	2.68876982503615
1733	3740	3.2379803521279067
1733	2947	3.838506666082044
1733	1217	4.162903118827186
1733	2028	3.9577028059493187
1733	550	2.8478535624886496
1733	3910	3.8205387639885164
1733	3911	4.057503203794924
1733	1236	3.98885598801041
1733	3783	3.878912840847788
1733	2985	3.5096928410757533
1748	2997	3.8739697552599646
1748	1258	3.796483345072197
1748	587	3.3110036859041707
1748	1401	3.291592220306906
1748	1404	3.0522662948946278
1748	3948	3.4294650579998325
1748	596	3.6526424345627375
1748	3950	3.213114970401534
1748	3952	3.6034137752445634
1748	2245	3.2980484580292933
1748	910	4.1311608301463
1748	3201	3.7706135594810632
1748	2409	3.0224415728213807
1748	2268	3.945699419336528
1748	2410	2.7619953938026898
1748	2411	2.5512831216096017
1748	2412	2.0698667450190262
1748	3230	3.5549663556463003
1748	3241	3.672296293908121
1748	3244	3.54437632212042
1748	3257	2.768871672957977
1748	1653	3.4354630954818006
1748	982	3.507585124608737
1748	3417	3.4782476488264886
1748	2617	3.001842476227968
1748	2475	3.0840202375062877
1748	1690	2.7907910374536904
1748	1863	2.144234683674855
1748	3471	3.906032958512902
1748	435	2.414438529718608
1748	3658	3.521863360701527
1748	440	3.7808229837969427
1748	3809	3.1901985708169374
1748	1125	3.6842947263212964
1748	3849	3.8603289807098045
1748	635	3.434282117374559
1748	1320	2.7858962661042113
1748	2137	3.708834725678087
1748	3886	2.861518250029339
1748	678	4.11503431979683
1748	1353	2.986209409334266
1748	836	2.469779991062575
1748	1371	2.909323869204516
1748	1372	3.2098188136177384
1748	1373	2.5527499504758704
1748	3145	3.2318902391642705
1748	3152	3.7434011780929537
1748	1711	3.0488826001548683
1748	2375	2.74671548394414
1748	1722	3.270729366093745
1748	2527	3.3719533129300783
1748	3188	3.4669331656303415
1748	1584	3.7137732327098325
1748	2393	3.0498255607002345
1748	3198	3.9136723952003516
1748	157	2.557188082211103
1748	2717	2.658300675537988
1748	1948	3.709741178566545
1748	11	3.8114516326499928
1748	339	3.429303706989716
1748	1952	3.927706035106619
1748	1958	3.416415961771586
1748	22	3.22695119018317
1748	3701	3.0843012120897466
1748	2763	3.4558588526747873
1748	1968	3.579302734967279
1748	2782	3.427879267417122
1748	2967	3.5584626368371777
1748	3916	3.7752349312822924
1752	1263	4.139544787813781
1752	1268	3.604174653667671
1752	1289	3.9569686808395192
1752	1299	4.073875614179925
1752	2248	4.070580763137065
1752	2110	3.4424928009023166
1752	3852	3.81057529638325
1752	3148	4.148689686687093
1752	2361	3.2860987629594494
1752	356	4.734528752431244
1752	549	3.938821345806552
1752	1088	3.6459629774771627
1752	3916	4.022767178522132
1767	1258	3.9290211383530553
1767	2640	3.1902003948436657
1767	457	3.748978630052956
1767	2347	3.6239089585681232
1767	3357	3.606715087307834
1767	2712	3.2917792320702666
1776	3948	4.056313668477643
1776	2617	3.437656485656473
1776	2628	4.004770913706781
1776	3827	3.5261731738274293
1776	3515	3.287796942933707
1776	3785	3.2736223755294933
1780	1256	3.5966544636349096
1780	3	2.483642388893543
1780	1408	3.1894028205274485
1780	594	3.1390174859072872
1780	2081	2.885801642877254
1780	1428	2.601330071144769
1780	1282	3.0448418345354344
1780	2085	2.682895955143519
1780	3035	3.509004220301013
1780	1432	2.160691209513893
1780	1296	3.4354388281437216
1780	1608	3.180741003886367
1780	933	3.552197585620529
1780	937	3.068285477530514
1780	940	3.331146923387451
1780	949	3.4025757054508503
1780	2450	1.3789436308726204
1780	3418	2.949399742162362
1780	2624	3.4628589236218117
1780	1682	3.320927466278036
1780	1831	2.1895921473600515
1780	1835	2.6490063477778043
1780	3448	2.9818729820715633
1780	2803	2.8116820503575943
1780	2661	2.8774755472640243
1780	3628	2.8398330495361046
1780	2687	2.963445770973833
1780	420	1.9820040692814176
1780	440	3.35696223198496
1780	1125	3.2183290229388986
1780	2866	3.0941240234809815
1780	454	2.9678978093323614
1780	1135	2.6920380386840455
1780	2893	2.1726559387103164
1780	2100	3.061426960167166
1780	2123	2.2835812602586807
1780	802	2.8945706959383033
1780	2139	3.113611843063099
1780	1358	3.7284436155945353
1780	2167	2.8754066722402936
1780	837	2.8727396640619087
1780	2320	2.470820580787803
1780	852	2.6160806424818
1780	1701	2.797133368646191
1780	2366	3.165444985534829
1780	1584	3.2349942326817893
1780	2530	2.3329592623089006
1780	1747	2.8480867907213487
1780	3505	3.228552073092717
1780	300	3.1263877913958393
1780	1918	2.4257157963154317
1780	168	2.4887467021252343
1780	1923	3.4233949213568247
1780	1006	2.608601477110625
1780	1021	2.2192385385649733
1780	1022	2.961823015933816
1780	1961	3.6374951760307255
1780	1028	3.1343869253690206
1780	350	2.799434281925355
1780	2912	3.048602161834796
1780	2918	3.4754976154268364
1780	3578	3.2150773712370526
1780	364	2.861468667965215
1780	47	3.5016822004589514
1780	515	3.363491959523366
1780	50	3.9020534007490397
1780	520	2.2454527542580225
1780	383	2.5758389741199545
1780	1078	3.2222477623339594
1780	1234	3.8458091888158097
1780	1096	3.3144162306297407
1780	3926	2.743626708146016
1789	3949	4.698330824867118
1789	3952	4.17841722587878
1789	3897	4.682154439068673
1789	3901	2.971632468355883
1794	3793	2.839703303769035
1794	3798	2.5055399753641097
1794	2269	1.8161679563601747
1794	1611	2.16955618638265
1794	2271	2.3250957290684324
1794	1476	2.632643332877364
1794	1483	1.5521682500362994
1794	2433	2.3280087036931425
1794	2447	2.2662025283293543
1794	2625	2.1026914895908946
1794	1836	2.236804334101986
1794	225	2.1383815949040597
1794	1840	2.212247698018397
1794	2688	2.0803437434935295
1794	299	2.581028065604434
1794	1183	2.441336703604323
1794	3879	1.8161042349733965
1794	805	2.715223270103695
1794	3895	1.2847163967479498
1794	832	2.8487559121702453
1794	838	2.9399121109040047
1794	3148	3.24439947284359
1794	1701	2.5250795640336285
1794	3317	2.7769294051641307
1794	1721	3.4096972206536584
1794	1727	2.195448485242936
1794	1735	2.1556326885174855
1794	2541	2.0054206213543133
1794	2702	1.7671366727435365
1794	2712	2.207793342935239
1794	3518	1.9675182548672974
1794	1921	2.3976473186007956
1794	2590	2.142654193959077
1794	191	1.4635145744829257
1794	193	0.921435094230062
1794	1027	2.2811244859331863
1794	36	2.57877895651295
1794	2771	1.6810796237182
1794	3578	3.3194197823854794
1794	45	2.1212192514900745
1794	372	1.9729110014489228
1812	2987	4.08239429040308
1812	2054	3.167352080564976
1812	1259	4.556888531449819
1812	588	3.9739757053941096
1812	2077	4.032074584129421
1812	2080	3.861639223202438
1812	2236	4.237009941442451
1812	1290	4.02626188792596
1812	3040	3.8743815326335125
1812	2240	3.9977472777134078
1812	3044	4.647741355777154
1812	2243	4.471358801967431
1812	2245	3.7981932334168036
1812	920	3.58449620280754
1812	1457	3.577123855458929
1812	3061	4.204724959605101
1812	2405	3.554376741267019
1812	934	4.1159518812491065
1812	2413	3.9339854495873845
1812	3072	3.9389383596403493
1812	969	4.713807462011799
1812	3243	3.182437337506206
1812	1642	3.6889536089342982
1812	3253	3.6062176558787957
1812	3254	3.4935193147615764
1812	2456	3.168724834683727
1812	1663	4.121492583039572
1812	1667	3.3802839103885987
1812	2470	3.8236537922537233
1812	2477	2.9710417528840423
1812	208	3.30472780997686
1812	3421	3.91287916745246
1812	3436	3.3679440306122985
1812	2668	3.0275137794955804
1812	252	3.8703598315707177
1812	2815	2.9523797280003454
1812	2816	2.426057341393613
1812	3809	3.867203156829401
1812	1127	4.586843880012067
1812	1130	3.8957579150533457
1812	2872	4.646202415673187
1812	3675	4.23109343187475
1812	468	3.8861801019141047
1812	2883	4.208992120996139
1812	1148	4.995565612735724
1812	1179	4.377213410503936
1812	648	4.426888325059908
1812	1333	4.560297029281736
1812	2137	4.322867376843961
1812	1340	4.570520535240436
1812	2147	2.9451522196722255
1812	3897	4.968956427485519
1812	2167	4.340408941092861
1812	836	3.0868444941131656
1812	3113	3.1299294107736766
1812	2312	4.27483111758793
1812	1380	3.6013986134324165
1812	1527	3.859233257646625
1812	1381	2.3752247093010608
1812	1541	3.707637122520771
1812	2507	3.335855168201839
1812	1573	3.3733543410314213
1812	2393	4.324034577572958
1812	2558	3.2263483878887893
1812	151	4.004569038219141
1812	2710	3.637779767740119
1812	3525	3.577870904186799
1812	3534	3.6157692717948517
1812	329	4.455703061138672
1812	2753	4.063417403926602
1812	1022	3.897602700976679
1812	1023	4.516696711384462
1812	2763	4.431309085360558
1812	1030	3.4941417372863066
1812	2779	4.1078044179693896
1812	2787	3.482627046852683
1812	2791	2.808804255845529
1812	2795	3.946453784080465
1812	1200	4.553366257185862
1812	2003	4.099870924958954
1812	2004	3.181487484159659
1812	3744	3.7261875368523887
1812	2949	4.449021136228131
1812	533	3.574676612166643
1812	1079	4.7062711195849625
1812	3763	4.1165824860482925
1812	2035	3.6133125764480414
1812	2041	3.022539678813492
1812	1242	4.745067317456545
1812	2046	4.066863522944888
1837	3798	3.2435493015315684
1837	3949	4.217769684507334
1837	3950	3.4123448445963174
1837	3952	3.7274817355901932
1837	3285	2.583698643311858
1837	3826	2.4266598189999122
1837	3852	3.678581645137177
1837	3896	3.354094421690021
1837	3897	4.1606156430401
1837	3717	2.6846432331385963
1837	3594	3.3888011421611695
1837	3916	3.9516010187052624
1842	3793	4.442547373408498
1842	588	4.404073558552228
1842	589	4.709741946032173
1842	3000	4.747912339166718
1842	1	4.7089977043212246
1842	6	4.4452690668779145
1842	3006	4.640043149213123
1842	1407	4.228410372275019
1842	1266	4.73125182561323
1842	733	4.3557133667396615
1842	595	4.480002118049239
1842	3952	4.371757155097232
1842	1411	4.538286459119765
1842	741	4.703240155957379
1842	1425	3.969330387768882
1842	1449	4.765010562449101
1842	778	4.575498261528863
1842	1456	3.0535750481444603
1842	924	4.683032326083332
1842	1465	4.066511871641625
1842	1466	4.3937469658221255
1842	799	3.907974222731328
1842	3081	4.1698703521502
1842	2289	4.570826565364109
1842	2291	4.222858176686238
1842	1639	4.393332765150133
1842	3098	4.434335557943941
1842	1641	4.439115778304845
1842	3246	4.53205623791079
1842	1643	4.502150837587052
1842	1649	4.39657554060237
1842	3255	4.312765120674804
1842	1653	4.254679341565131
1842	986	4.144249397988579
1842	3408	4.460720873724103
1842	3409	3.884206797213522
1842	1805	4.104214107807894
1842	994	4.715889526568233
1842	3273	3.356013166054577
1842	2617	3.903443579530822
1842	1673	4.383854583396384
1842	3285	3.330837780116398
1842	3298	4.089542529876681
1842	1694	4.346264077178327
1842	1845	4.40373653632051
1842	235	4.2965014438164255
1842	247	4.481182398115786
1842	3615	3.8328575240626046
1842	3617	3.9766108674389153
1842	3618	3.9862717097761116
1842	3476	4.178582781288705
1842	3624	4.239709386304629
1842	3481	4.517388980860827
1842	2687	4.239463496992516
1842	3499	4.474695740892477
1842	3646	3.12320837304932
1842	296	4.990440490540795
1842	1120	4.191247217970137
1842	457	4.743595826085632
1842	608	4.912451815246459
1842	3825	3.417959648588642
1842	3826	3.207847664278584
1842	3827	4.048761512593883
1842	471	4.271429118761552
1842	474	4.430164942414832
1842	3831	4.274241423696943
1842	2890	4.398410932627413
1842	3863	3.8757369389100824
1842	653	3.8463380824832223
1842	1339	3.965514900206806
1842	663	4.10333602829758
1842	3882	3.8786790924458234
1842	3893	4.133788858088283
1842	3895	2.9603910716603843
1842	1354	4.364202429515701
1842	1357	4.428153200703536
1842	1358	4.828325069336939
1842	837	4.053913819011401
1842	838	4.4509678209426795
1842	3114	4.822519846207102
1842	1517	4.353335201851699
1842	2321	4.28632853457101
1842	1520	3.4231904481015354
1842	2329	4.816567505113657
1842	2331	3.815439373683571
1842	2333	4.382905504960588
1842	861	4.1102983273539495
1842	866	4.430020227327595
1842	3147	4.828906984761548
1842	2355	4.431121570996742
1842	3301	4.000061239152033
1842	3163	4.228915128015151
1842	3317	4.57635300618694
1842	1713	3.705679666762216
1842	3318	3.9694276200044323
1842	3174	4.082043642926212
1842	100	3.6874189552912133
1842	101	4.485663190916917
1842	3178	4.496228298084953
1842	3325	2.913534891149609
1842	1721	4.240830109687586
1842	3326	3.530254643478752
1842	3182	4.5092182549467905
1842	1729	4.279335346935937
1842	1584	4.3702337194835845
1842	117	4.23647641203958
1842	2395	4.403678925620884
1842	2396	4.6646710922364
1842	1594	4.431195658438465
1842	125	4.481110763706136
1842	2542	4.481135732037503
1842	1748	4.441386548966003
1842	141	4.141573188106606
1842	2706	4.344037429192369
1842	1907	4.2851270358539795
1842	150	4.66465594124134
1842	151	4.179831575025632
1842	156	4.230724721009377
1842	157	3.397729574338889
1842	3510	4.353800705241284
1842	2712	3.8627985742646165
1842	1912	4.364461380743197
1842	161	4.333922903039667
1842	1921	4.379692715290117
1842	3527	4.253600440441283
1842	1923	4.574313770609296
1842	2580	4.472603403066769
1842	3386	4.377052546536823
1842	312	3.0840441365799363
1842	175	4.017498254990708
1842	3534	3.7114627928674917
1842	3536	4.303838207282354
1842	180	4.158601141307134
1842	2599	4.512025397729108
1842	16	4.419590156371108
1842	198	3.8363939798365694
1842	3555	4.160372789985919
1842	3556	4.153434095425486
1842	2759	3.942620852521579
1842	2761	4.645155753558385
1842	2908	4.60900817315149
1842	2762	5.079380932830517
1842	3566	3.9462842022891214
1842	32	4.545049338431992
1842	356	4.727518856265325
1842	34	4.489100747434209
1842	357	4.34612219071953
1842	39	4.168053337455333
1842	2912	4.278644832542278
1842	2916	4.290819126903759
1842	3578	4.757733965822948
1842	507	4.139876141964388
1842	508	4.493783173278507
1842	509	4.258334871959974
1842	41	4.546421860678619
1842	43	4.174009220860213
1842	45	3.9533858386346905
1842	47	4.736525693981059
1842	1041	4.611655841446761
1842	1042	4.0989981503122275
1842	52	4.219015073848255
1842	377	4.182879890900552
1842	1050	4.5202789450164556
1842	3593	2.278517541527236
1842	3594	3.94015402395223
1842	388	4.302508111409965
1842	1206	4.739025769059167
1842	1061	4.161616616422027
1842	535	4.446535138521854
1842	3751	4.489148102675097
1842	3752	3.7038067063085593
1842	3753	4.391265319513274
1842	3754	3.0894298235445543
1842	3755	3.945081835568789
1842	2959	4.68654913923923
1842	3901	3.155365545094326
1842	3908	2.802599662414353
1842	1222	4.716374043328139
1842	551	4.354062432274465
1842	3911	4.778210885738974
1842	3916	4.553052228003956
1842	1094	4.354414447727344
1842	708	4.053380828931195
1842	562	4.389312475103292
1842	3784	3.837794728076448
1842	3785	3.6879082012242197
1842	1245	4.610268912891482
1851	581	3.4511747649947546
1851	587	2.906141621389906
1851	3948	3.2995547099905855
1851	733	3.2408097859300353
1851	3952	3.266638790976848
1851	1270	3.6109509147750063
1851	3033	2.8627544974402666
1851	2232	3.0312401022942326
1851	2094	2.5992532460776245
1851	2259	2.3352458509919733
1851	924	3.6312727629604398
1851	780	2.9179483270655893
1851	2407	3.0162359354988935
1851	2410	2.4746782056287016
1851	2411	2.283375649106353
1851	2412	1.8048265262555943
1851	1480	2.9483512069656372
1851	2288	3.4224718118065645
1851	1635	3.365160538558845
1851	2600	2.9242990131967703
1851	2617	2.783481186114847
1851	1676	2.792778518855022
1851	2628	3.0188798964880528
1851	2640	3.02698326223324
1851	2641	2.7976303206152187
1851	2642	1.9277296360706615
1851	3471	3.406260961999971
1851	2672	2.6346955155765936
1851	1876	2.7473591998364792
1851	260	3.860101071288407
1851	3638	2.715038308112833
1851	442	2.3355359441659296
1851	3660	2.384427479923472
1851	3662	1.7644505476465178
1851	3827	2.9587152221456368
1851	610	3.018973770680184
1851	3697	2.542303653670622
1851	3699	2.922018464703929
1851	2105	2.8520067542498797
1851	2117	3.254737993044173
1851	2119	1.8806605024498542
1851	1173	2.879465087709105
1851	2122	2.0990661330355014
1851	1320	2.709609983215078
1851	1196	3.8165127299920862
1851	1199	3.6663678432832376
1851	2140	3.1323766685326033
1851	671	3.10147623627853
1851	3893	3.065664924926383
1851	1356	3.136031591515943
1851	2311	2.9652401042747725
1851	1371	2.72544190310707
1851	1372	3.0045538105534244
1851	1373	2.3731266406164933
1851	1374	3.2684844008753453
1851	1375	2.9779047190417978
1851	1376	3.129558077591712
1851	1527	3.0055293991650758
1851	1388	2.1607838121807723
1851	1396	3.2743855205129604
1851	3317	3.512916175631191
1851	1573	3.0183661783890163
1851	2527	2.795521159998087
1851	2528	2.931299313874254
1851	2529	3.1269187233173
1851	1584	3.234358137175036
1851	2393	2.898459043607962
1851	1748	3.5622251167883636
1851	1909	3.069785035132433
1851	157	2.32801194549939
1851	1921	3.526280976833742
1851	3527	3.2285511558913313
1851	316	3.045258483454636
1851	327	2.122186026397446
1851	329	2.909346046263218
1851	186	2.3792061313812893
1851	198	2.9211120767573693
1851	1954	3.400658611460784
1851	3701	2.659551587476717
1851	3702	3.1322661847243722
1851	3703	3.242260999344234
1851	3704	2.651028749638075
1851	353	3.08228708313973
1851	2916	3.173343725937044
1851	3740	2.9978825977833177
1851	1200	3.5731229862599823
1851	1206	3.744348847248604
1851	2009	2.963824713978722
1851	2011	2.9245040991353353
1851	2012	2.734678114446954
1851	1210	3.3138089421513834
1851	1214	3.475451797116201
1851	1215	3.1986010522768313
1851	541	3.9034925379330367
1851	2021	2.9105445616139405
1851	2968	3.1515095687795793
1851	3910	3.4322701956627255
1851	3911	3.7420650535973023
1851	3916	3.4726918903544823
1851	3770	2.9555654690751862
1851	1097	3.402020935015848
1851	3927	3.105063464311083
1851	1240	3.665436952109909
1851	2985	2.9585116974311108
1861	2052	2.570409336276583
1861	1269	3.8711892568221042
1861	1276	4.13767783938429
1861	1287	3.9334002604326526
1861	1299	3.9185866758117593
1861	2245	3.228317738032206
1861	910	3.9378014548122593
1861	916	3.8376309409028164
1861	933	3.821403413568526
1861	947	3.7976714149370063
1861	435	2.4072023018810884
1861	3827	3.1959666842278542
1861	1304	4.186871981403355
1861	2124	2.9456690643688326
1861	3893	3.264754479083669
1861	3897	3.8403460843744095
1861	2300	3.9403452539541113
1861	2302	3.6645184228532015
1861	1388	2.3319649905478363
1861	1394	3.681676419294749
1861	898	3.9169946711731822
1861	3174	2.9085212187216096
1861	2395	3.1550805654234604
1861	3507	3.7697931282328256
1861	2716	3.2400673914868316
1861	1777	2.911053206168865
1861	1948	3.5147393603330963
1861	3701	2.992501907975536
1861	3566	2.9683107495922156
1861	1028	3.5723110376555383
1861	3717	2.642514507980386
1861	2002	2.94541317222164
1861	539	3.550769934002611
1861	2015	3.199092298748301
1861	1079	3.6667844063104678
1861	1226	3.8549119731585453
1861	1085	3.494448087328409
1861	3911	3.857319639192182
1861	3916	3.61595152642031
1865	919	4.332116298896719
1865	2293	3.312920057028159
1865	1132	4.259364874308838
1865	3852	3.7838899011396028
1865	3870	3.8859920155566376
1865	3882	3.319148378693357
1865	858	4.313399796621779
1865	899	4.359875433776181
1865	3317	3.9881116261939455
1865	162	4.080507643499024
1865	17	4.083399424871099
1865	541	4.098217583580921
1865	1221	4.19821918570967
1865	3911	4.116964629324229
1865	3916	4.096300341061231
1866	3798	3.76380000452759
1866	904	4.827405940042189
1866	910	4.638787018269842
1866	1721	4.024077778717061
1866	3535	3.628891878422578
1866	527	4.6664511153968
1889	2989	3.37441279583571
1889	3791	2.838286872788881
1889	2990	3.0209027766617824
1889	1256	3.889988250129927
1889	1258	3.609563348804395
1889	587	3.307757896504004
1889	588	3.6158559900225864
1889	3	2.7521956822124385
1889	3005	2.9788006769723063
1889	1401	3.147110777891056
1889	2060	2.818128003035076
1889	3948	3.442218384606196
1889	2064	3.8535680032729234
1889	1265	3.797261435658556
1889	1268	3.2350059417827253
1889	592	3.5599062124102585
1889	597	3.8027299272286434
1889	1411	3.5850452935736
1889	2080	3.6737685237174262
1889	1290	3.3345646156655637
1889	3040	3.1761050064368863
1889	2240	3.2788166360115154
1889	2241	2.610982458066933
1889	912	4.152145638921178
1889	1446	3.760444127277115
1889	2249	3.0120678514412598
1889	1447	3.187324430493499
1889	1449	3.9518937934917724
1889	919	3.9258254730960767
1889	3052	3.5530385095874255
1889	924	3.4539512216837576
1889	1459	2.997040116854615
1889	780	3.3964208030462895
1889	781	2.992508607778558
1889	784	2.569342679932112
1889	786	2.892176775092907
1889	1601	2.409225377361647
1889	1604	2.6106738765543054
1889	2407	3.155125562413739
1889	2261	3.1196527089299053
1889	2413	3.053957273129292
1889	1614	3.0748109060645326
1889	3219	2.9658743261149927
1889	2273	3.191751053987478
1889	1472	3.018928091131646
1889	1476	3.2892253691435225
1889	1479	2.8543171258393043
1889	2420	3.2714153171045606
1889	2424	3.220424508076726
1889	2427	2.970204843482937
1889	1627	2.7185866921972273
1889	1485	3.2167956233831387
1889	1488	2.5521525802418474
1889	2431	2.957369377453381
1889	2291	3.1770578516843133
1889	1635	3.4589819326860862
1889	2295	3.596902981719248
1889	1641	3.610254680318074
1889	3249	2.7765507535156675
1889	3250	3.180673979603206
1889	3254	2.534903845518086
1889	3259	3.203645468792819
1889	1801	2.875685348850747
1889	2605	2.8942588440628647
1889	3263	2.9015858599465147
1889	1805	3.08597543160001
1889	1661	2.959797503816196
1889	1662	2.7101812349997845
1889	3267	3.4904734205757246
1889	1665	2.4320306653722756
1889	2468	2.65657162737588
1889	2469	3.0763702933174892
1889	999	2.971905470842944
1889	1810	3.2046039936862516
1889	3272	2.9845696643863695
1889	2616	2.483648577265596
1889	2470	3.2092903759583478
1889	2617	2.8211536036120037
1889	2478	3.1776269302215607
1889	206	3.3055825259319667
1889	208	2.386318616227933
1889	1821	2.9208652644985684
1889	3426	3.0375897620953
1889	1824	2.9740690292717984
1889	2628	3.539083777626748
1889	216	2.902966372115634
1889	1687	2.7875619750981633
1889	1833	2.757595687596249
1889	2490	3.279077980371095
1889	1836	3.01205712389153
1889	1693	3.3656029558326406
1889	1694	3.4138441025900366
1889	225	2.8577017630595587
1889	2640	3.1903397210210622
1889	3444	2.9791391631406476
1889	1840	2.9939173042814042
1889	1845	3.473913699311107
1889	230	3.1549046337490485
1889	235	3.4349490256804294
1889	3450	3.1189367956693013
1889	2805	2.7438846114846185
1889	252	3.0026172476891673
1889	253	3.4105919928242816
1889	3614	2.944599047887181
1889	3617	3.080819556656646
1889	1870	3.162781117391359
1889	3476	3.3576400144353604
1889	3477	2.7561082556574825
1889	3479	3.4614071070026284
1889	1876	2.943209535013039
1889	409	2.71914080010569
1889	265	3.664085542557379
1889	3623	2.872196380463275
1889	2826	2.6407040816117333
1889	2683	2.982082244163522
1889	1883	2.9611152591928693
1889	413	2.2949634550084
1889	1884	3.161007645643072
1889	2688	2.862682764578994
1889	417	3.139848539323511
1889	3633	3.3012695105056524
1889	3638	3.1331127246454438
1889	2694	2.8389692395517074
1889	1892	3.0820531275655036
1889	422	2.8624163977537735
1889	3499	3.476678556395955
1889	280	3.2955900988284204
1889	288	3.0043353760942475
1889	1100	2.5677750497049456
1889	2840	2.62224974814983
1889	3646	2.2631539184170286
1889	434	2.9062898124277194
1889	292	3.015773289607083
1889	441	3.501697111922352
1889	442	2.7080191527923434
1889	1124	3.6150666594147913
1889	1129	3.159996190008621
1889	454	3.3183645888047515
1889	459	2.623182561002923
1889	1135	2.970137277994745
1889	3685	3.2546270832508593
1889	3686	3.0582261343933896
1889	612	2.174315644954746
1889	619	2.5849937890212704
1889	2891	3.2214232853746476
1889	3698	2.9785688845477303
1889	3699	3.08928122387436
1889	481	3.13515149932112
1889	482	3.3084099482006066
1889	2100	3.116824448453383
1889	3841	2.462463727296647
1889	490	3.0619229817005036
1889	493	3.3051284391058458
1889	497	3.6886530087686697
1889	2114	3.365698570405225
1889	2115	3.5611930725688086
1889	3863	3.1287372626977823
1889	3865	3.051076218644555
1889	2126	2.4034303390567913
1889	1184	3.510784564599104
1889	2133	3.026779890665894
1889	2134	3.290515444585538
1889	800	3.714128207529639
1889	802	3.276741508013945
1889	1190	3.2923900899364087
1889	804	2.7393746883380734
1889	3879	2.581025567236895
1889	1342	2.6387165787376956
1889	2145	3.165315498322144
1889	2146	2.900946786165688
1889	2150	3.267107654444184
1889	3893	3.2055735013222426
1889	3897	3.9562450355556487
1889	3100	3.490222709935159
1889	3101	3.370504651644084
1889	2166	3.2355153682123525
1889	2169	2.449568442224426
1889	2311	3.109041662018711
1889	3115	2.9262380981421363
1889	2315	2.140861373237127
1889	1373	2.2853896745134263
1889	1374	3.133859976968676
1889	1375	2.8480043909558708
1889	3125	3.382850634073075
1889	3129	3.470079842567124
1889	1385	3.0066822295182196
1889	2335	2.6404870390464574
1889	2336	3.72897485664197
1889	1393	3.5925391635013977
1889	861	3.1898448433485487
1889	3141	2.803370236010851
1889	2340	2.9630775759750163
1889	3302	3.060660988861095
1889	2502	3.569499790216924
1889	2369	2.573641665476135
1889	1711	2.9180000434966824
1889	3317	3.6597403025896496
1889	3174	3.22316254068277
1889	100	2.8114551723993273
1889	1717	2.5683799345944585
1889	101	3.6829946436810803
1889	3176	3.0687443495815994
1889	1573	3.204937859342289
1889	2376	3.0283666524328683
1889	104	3.194496247255195
1889	1721	3.3082914874718314
1889	1722	3.0571415030158904
1889	1580	3.1501471430987866
1889	2529	3.2700297787285937
1889	112	3.2106739485488798
1889	2387	2.5702660072038315
1889	1586	2.818453538267826
1889	1589	3.0900319972720434
1889	1730	3.40082618019744
1889	122	2.4791291290722826
1889	3197	3.1092746543276917
1889	1593	2.547568438553621
1889	3343	2.2074892260121444
1889	1747	3.070468712586489
1889	3354	2.2795680469186195
1889	3355	2.614217607024665
1889	1753	2.9704116881169824
1889	141	3.2859850617027324
1889	144	3.131322123316178
1889	145	3.0083986640879274
1889	2702	2.7545064072590755
1889	2707	3.2406559073505807
1889	1909	3.401582802590246
1889	159	3.059727376855091
1889	2710	2.909001767702521
1889	3514	2.910041898966452
1889	2712	3.323223168882755
1889	3515	2.9110253536532267
1889	1914	3.4929390780002425
1889	1918	3.0040815961150122
1889	1919	2.924539668788444
1889	164	3.3280297348866386
1889	165	3.336774798572777
1889	3527	3.440547150750815
1889	2587	2.8362367159127007
1889	316	3.233897928723403
1889	170	2.9170752483330937
1889	3534	2.804133588910467
1889	3535	2.9247562269500067
1889	2735	2.707497946901935
1889	2598	2.614616285427061
1889	329	2.6720507071154835
1889	188	3.0978303592245435
1889	2743	3.0991953325699795
1889	3549	3.6067815199469635
1889	1947	3.791829262807246
1889	10	3.3412247282698564
1889	16	3.568853557227134
1889	18	3.038478788827475
1889	196	2.5527987901220994
1889	1954	3.819872036923173
1889	1017	3.435440333987193
1889	1957	3.491446744164841
1889	344	3.047662325073777
1889	22	3.0112201776247005
1889	23	2.650812054460563
1889	349	3.3101314039662206
1889	3701	3.004447453410398
1889	3702	3.395382852039034
1889	3706	3.1797669407730527
1889	3567	3.083156282488917
1889	32	3.6769818777986965
1889	358	2.8016081745326207
1889	3717	2.7028332407326117
1889	2770	3.0205560163578635
1889	507	3.321769271322523
1889	508	3.6965879903037546
1889	366	2.488692962349856
1889	45	3.0277700360407565
1889	1042	3.2657216725650664
1889	2787	2.62353884106205
1889	1049	2.8944780784296866
1889	370	2.6218670246203555
1889	517	2.937249416490544
1889	518	2.2567349321667645
1889	376	2.979737928817668
1889	377	3.175650538264314
1889	378	2.6541149109311033
1889	3591	3.273506445091485
1889	2792	2.721975441551384
1889	1991	2.4465951642895742
1889	2794	2.848732252089013
1889	2796	2.7082899570641645
1889	524	3.459339751380954
1889	3740	3.186699923991468
1889	2001	3.5348163206099628
1889	3741	3.761046496648437
1889	1200	3.910677293520253
1889	1203	4.05181005017197
1889	2006	3.329106081402978
1889	1205	3.2353543414213153
1889	1206	3.5168112477449163
1889	2948	3.6098218245791527
1889	2949	3.611015300256844
1889	70	2.912366154220024
1889	78	3.1141184572039227
1889	2011	3.2398765760318793
1889	1215	3.6818494309080516
1889	541	3.8261755294136384
1889	543	3.2025909981677176
1889	81	2.9640228040418246
1889	89	2.7811798974726254
1889	2020	3.5959736420508728
1889	1220	3.8541286212703145
1889	3765	2.7506892846337028
1889	550	2.799300706792297
1889	1088	3.099851387132072
1889	1230	3.848837761816462
1889	3773	2.65086690579894
1889	1092	3.3883721540869924
1889	1093	3.1324774323476103
1889	2046	3.197122594535472
1912	2067	3.2089333776050104
1912	3030	3.5689538171925075
1912	1291	3.3934182094670176
1912	2245	2.4913280614543636
1912	911	3.2648856177575385
1912	933	3.3500228486423222
1912	1610	3.2431647470100353
1912	2433	2.4675025107527464
1912	3244	2.8469771776926893
1912	3260	2.884577945166816
1912	1663	3.0518005252054006
1912	3274	2.1333215549585285
1912	3424	3.014843322741896
1912	3438	1.678008423519656
1912	2804	3.679282917090821
1912	3633	2.647211087687122
1912	3635	2.8054113556884728
1912	1101	2.793766406988966
1912	3685	2.7334874563231555
1912	2894	2.0114858278171277
1912	1303	3.2547495339581114
1912	2135	2.3197939046073204
1912	2144	2.9582410002340165
1912	1347	2.476103060759803
1912	2183	3.1231302208980565
1912	852	2.357412256106964
1912	3148	3.032945885758078
1912	3160	2.946272325016125
1912	3163	2.723845480775491
1912	3176	2.5783636838568986
1912	1573	2.4588039699360675
1912	2527	2.6608325834450994
1912	2384	2.5842490561821494
1912	3194	2.376542699647258
1912	3365	3.290520449069574
1912	153	1.6295578888669553
1912	2712	2.47462284956009
1912	2717	1.8423922258395247
1912	2571	3.3537539232444
1912	2727	2.7124134541919958
1912	2729	3.0678512445371906
1912	1936	2.914558098348991
1912	1794	2.4801900050857153
1912	2599	2.899574162257028
1912	1799	2.5321323487286844
1912	1941	2.9722248971457814
1912	1956	3.1050838829054324
1912	1960	3.1162258346891516
1912	1027	2.193370803021703
1912	39	2.6444167086828987
1912	2916	2.8210307817500246
1912	501	2.64555924304709
1912	3578	2.9304549781998643
1912	509	2.897805756374691
1912	48	2.066655419391876
1912	3726	2.739501936770848
1912	529	3.087135153900801
1912	3751	3.030311161961394
1912	2012	2.3658367335253336
1912	1212	3.737020656948786
1912	1086	3.3055949264092828
1912	1088	2.011230688247726
1912	3910	3.050244561988697
1912	1230	3.214516904245616
1925	2997	4.491252380328599
1925	3952	3.8340803685930154
1925	3081	3.590181135090717
1925	2840	2.9458057567929563
1925	2858	4.29050899482409
1925	3863	3.2789160350644155
1925	2502	3.88449358446627
1925	3160	3.749807397746165
1925	3354	2.634153004013889
1925	2707	3.5191261798341356
1925	2599	4.287885772539569
1925	3578	4.096232820065717
1930	1258	3.6869806383690498
1930	592	3.4082917652400258
1930	788	2.7467739472848542
1930	2410	2.4343236291877854
1930	2411	2.2517992905658617
1930	2412	1.8338658771410903
1930	2294	3.1842856621397164
1930	2617	3.067605950966667
1930	2642	1.9647335246141597
1930	2643	1.5563203515916737
1930	3489	2.807280759368143
1930	3852	3.4778113161560813
1930	2161	3.198211045441826
1930	3160	3.7626511980379465
1930	3324	2.5508497720059347
1930	2539	3.1784441471571063
1930	3510	3.4601408030291343
1930	1916	3.190910328001682
1930	1009	2.784007780273506
1930	1954	3.277414927903555
1930	1036	3.46534427159618
1930	2015	3.083770340454002
1930	3763	3.194427884574669
1930	1081	3.1680585064152873
1930	1090	3.8402919191390565
1930	1242	3.9815240066355324
1930	3787	3.4567366947840363
1941	3791	2.994893612152047
1941	3798	3.4589177958965
1941	585	3.16451956192174
1941	2207	3.0675160923473106
1941	2065	3.0753879466631417
1941	2210	3.712031064937313
1941	1410	2.4810880157115602
1941	3016	2.90873516752553
1941	3029	3.091378713973235
1941	1426	2.472292369540518
1941	1427	2.439962254768458
1941	1284	4.349962542442804
1941	3031	2.1829350251449493
1941	3036	2.7950321700070138
1941	3040	2.9621071699988613
1941	2243	3.02765532733674
1941	778	4.4224969780850705
1941	3052	3.0079679358665663
1941	927	3.839675762309939
1941	3208	2.4971886382265103
1941	3062	4.103732908813766
1941	2408	2.593012436832164
1941	934	3.565695349858193
1941	1611	3.2161622608226716
1941	941	3.663758211186892
1941	2423	3.6748564698594817
1941	1621	3.2224094748700076
1941	3244	3.3933512920433633
1941	1646	2.5851199983036666
1941	3253	1.796251753216066
1941	3403	2.710621558912386
1941	3260	3.529331890284772
1941	3264	2.8813263123457467
1941	1661	3.1357471595637363
1941	1663	3.5518136530844258
1941	2485	3.0749868375107483
1941	2634	3.166578740070235
1941	2637	2.703981702373054
1941	2638	2.8550941053965535
1941	1837	2.803748919036442
1941	3298	3.186636672756872
1941	2497	3.095735492948417
1941	2646	2.811910251111374
1941	2647	3.041972842781901
1941	2648	3.913568147085617
1941	231	2.570221791758938
1941	2652	2.8587966506136233
1941	1855	2.3883526260662564
1941	240	2.77123542646665
1941	3478	3.6631626203566228
1941	3624	3.7215282510652337
1941	3480	3.3300973145605846
1941	3484	2.6829026718880415
1941	1880	3.292062745916357
1941	1883	4.079062470592837
1941	273	2.4977817315863464
1941	3633	3.2350186028794132
1941	3490	2.7325244951955914
1941	282	3.163583542182787
1941	289	3.220844235307146
1941	2855	2.608187640750009
1941	442	3.2448487124145036
1941	3807	3.214591648164395
1941	2870	3.5532229177082106
1941	3825	2.8769729608680596
1941	3826	2.6531783473216755
1941	3827	3.397630374321659
1941	2883	3.3434467067810787
1941	2889	3.327444241043604
1941	479	2.5832952028345506
1941	3838	2.3051058028511617
1941	3839	2.406667283128705
1941	3693	2.33353648024076
1941	488	3.2759694151465073
1941	2111	2.505920678170029
1941	647	3.2764180651231625
1941	1321	2.812332765357443
1941	3863	3.1376331363776298
1941	1331	3.144040548511859
1941	2136	3.2074233852357286
1941	801	3.3254312612742454
1941	802	2.8866049202611603
1941	661	3.9287337289776425
1941	663	2.8539332128330326
1941	2140	3.9264762013752907
1941	2144	3.317352800937289
1941	1348	3.8307721680096707
1941	3104	3.2843249240009453
1941	3108	3.0893720412823504
1941	1363	3.1378419662305417
1941	830	3.317577059359317
1941	1367	3.1576330804137367
1941	2315	2.5166507979401724
1941	840	2.6423999596257537
1941	841	3.3454199290088242
1941	2325	2.7924077049228915
1941	2327	2.736946846840329
1941	2185	3.541611016122517
1941	2339	2.977730555830366
1941	3146	2.855324089640018
1941	2344	3.1868601749651178
1941	3160	3.570685320644263
1941	2505	2.6996948777582594
1941	2364	2.6021220260249684
1941	1564	3.4765024451628035
1941	3169	3.320724709294079
1941	1566	3.557484916201594
1941	2518	2.9551492642370243
1941	3176	1.7553503784829454
1941	1720	2.3460270365470857
1941	1592	2.7792795292827703
1941	1739	1.4351278108426526
1941	2549	2.1844126567601094
1941	3355	3.244337703494247
1941	140	3.505619629279698
1941	141	3.8897388303221114
1941	2560	2.758592290178763
1941	3510	4.025495686984102
1941	2712	2.602112323259175
1941	169	2.270749214200547
1941	3384	3.800156185611065
1941	3390	1.9739936177857453
1941	2734	3.5591583943523792
1941	3391	2.2025663326681935
1941	3392	1.6309486420637747
1941	2738	3.296171698824109
1941	1793	2.478249724025651
1941	3398	3.273041146563109
1941	330	2.2044834952219823
1941	338	2.87512455767007
1941	3709	2.488775036496309
1941	3565	3.361183659225836
1941	1965	3.1162569876734603
1941	351	3.4335065394879654
1941	355	2.998195740133011
1941	3717	2.8866561456483497
1941	3578	4.413601516583162
1941	504	2.8103993551435984
1941	507	3.5057851575642585
1941	3724	3.4519863381725524
1941	2926	2.5990142599912183
1941	2781	2.860426105061058
1941	2785	3.003454449131062
1941	513	3.1373271655498485
1941	1991	2.667374349861879
1941	3744	3.4364433501046205
1941	532	2.9008681035423516
1941	536	3.121144173461103
1941	2959	4.434211452415763
1941	542	2.1196966838925935
1941	1077	3.977199554541761
1941	3908	1.886593339656468
1941	3911	3.9499277224937757
1941	3775	3.149527958634856
1941	2975	2.884194666578349
1941	2979	2.369002005923005
1941	3785	2.6299265019521387
1943	3933	2.7704245695520426
1943	3939	2.4305817637136284
1943	587	2.394740234913014
1943	3007	4.200449935335576
1943	733	4.4072360674847255
1943	2076	3.977152824927169
1943	1278	4.131116969313094
1943	3020	3.666837857699877
1943	2080	3.7973245211222166
1943	2083	3.8077412402467625
1943	1285	4.077009259180448
1943	3046	3.6080935102194482
1943	2249	3.4624159385694964
1943	918	3.9507066815459106
1943	1604	2.9641222684635937
1943	1468	2.7004795233688634
1943	1479	3.1919340763000212
1943	1620	3.5078248547097646
1943	3087	3.7991332243102587
1943	953	4.013221683847966
1943	954	4.369322960278382
1943	3248	2.664704945569568
1943	2614	2.222294108629005
1943	3418	3.0362556722736764
1943	2474	3.8030951736166476
1943	410	3.276788867799155
1943	2699	2.8565440067996324
1943	429	2.792236379764026
1943	432	2.7782728156503316
1943	292	3.0658867963607674
1943	3814	4.2409567135545
1943	2881	3.103214049234903
1943	619	2.972890203657342
1943	3833	2.7168533871919247
1943	1311	2.5670986031138523
1943	2124	3.3336510734358242
1943	653	3.290443766617999
1943	3872	4.09460832704055
1943	2134	3.3399233649546622
1943	674	3.3103324827385197
1943	849	2.3008479916586126
1943	1394	4.576997564657247
1943	861	3.7465579265171924
1943	1541	3.219572956240562
1943	2371	3.861720659330996
1943	2379	2.6189902482218033
1943	3181	3.737112652146849
1943	3328	3.8628418771007524
1943	3182	4.091143649162378
1943	2380	2.284091736615456
1943	2382	1.92378995661208
1943	2383	1.768804456877943
1943	141	3.787840999814601
1943	3363	4.0068275781007605
1943	153	2.893538681255558
1943	2572	3.4577846868010185
1943	1923	4.354408013160983
1943	175	3.484954694186216
1943	2747	3.5917808833702747
1943	14	3.691048343082817
1943	345	3.6821185293643124
1943	3566	3.535924799935248
1943	365	3.253938771221306
1943	512	3.0527469271469503
1943	2787	3.07092658463732
1943	371	3.4322289621606976
1943	520	2.9131790752717457
1943	2794	3.3196852921138484
1943	2798	2.2452745473053097
1943	380	3.9856509983095902
1943	3745	3.461318536029217
1943	1078	4.216230168519421
1943	3768	2.308673270670345
1943	708	3.3647073806789938
1943	2042	2.634676827806532
1943	1246	4.188692771621649
1946	3897	4.1885441636706435
1946	3783	3.9356564449033105
1952	3943	2.61671125846124
1952	3865	3.1748303318259645
1952	3317	3.853292075874645
1952	3912	2.365404985335302
1954	2881	3.216530138363377
1954	3186	3.4711954053909007
1958	719	3.1537673002055633
1958	585	2.9208565816049954
1958	7	3.542654754964281
1958	3949	4.407568247082313
1958	1409	3.1813840892405136
1958	1438	3.0338400038854654
1958	1445	2.4758476715754387
1958	2249	3.394470546010586
1958	784	2.8978189677789303
1958	1461	2.956535751187113
1958	1614	3.439604843544993
1958	2427	3.290017310323061
1958	1629	3.011313644584068
1958	2432	3.135386464253737
1958	2296	2.5194391757613124
1958	1497	2.1478617680121634
1958	3243	2.8091413394461933
1958	1641	3.9287758188183624
1958	3252	4.025714406675206
1958	3254	3.013031189373687
1958	3256	3.6181533876107688
1958	3258	2.9183855926591065
1958	3263	3.456303238909661
1958	3418	3.800478249486995
1958	3273	3.0567817465830807
1958	3274	3.393743280263699
1958	201	2.6834103433259093
1958	3285	2.951447046320836
1958	3286	2.385211102326842
1958	217	2.6932401249707048
1958	1831	2.5306258690243633
1958	3438	2.7838205996318837
1958	3439	2.2766298922026174
1958	231	3.4405597600550593
1958	237	3.128226090949641
1958	248	3.1006155541322227
1958	2809	2.964883271130691
1958	1869	2.5835134471489796
1958	3477	3.135624904606578
1958	3623	3.711713214505021
1958	2822	3.2412331893679447
1958	2683	3.5057226658938525
1958	413	2.799673282271654
1958	414	2.845788432594559
1958	271	3.4147088787302082
1958	1888	3.3377865502717774
1958	276	2.937798713215485
1958	420	2.777121761963816
1958	2694	3.6268909268121288
1958	429	2.39628474648872
1958	289	3.591274594584983
1958	432	2.905815773027238
1958	436	2.786506074049946
1958	437	2.4411573322978724
1958	445	2.773124328757076
1958	1120	3.5396975712803758
1958	459	3.134485210823802
1958	1136	3.958540265078106
1958	603	3.184265882418017
1958	608	4.797110100403931
1958	473	2.4108792889891655
1958	474	3.5851768401204285
1958	489	2.5916575938922852
1958	3841	2.9053471193605076
1958	1167	3.0954782438815065
1958	639	2.643088912369666
1958	805	3.9193006222677362
1958	663	3.4000330039197597
1958	818	2.6067668866891616
1958	3893	3.7221195761364485
1958	830	3.1379757317840986
1958	832	3.8271462403234318
1958	1513	3.054875674147201
1958	1515	2.817906401492461
1958	1517	3.284968659443873
1958	3120	3.145994020487523
1958	1526	2.712200647266008
1958	2335	3.5492561970518635
1958	3155	3.655854623367142
1958	3157	3.3121805838332277
1958	3300	3.4018376160078048
1958	3301	3.5947731761577995
1958	3325	2.33693374131321
1958	3186	3.746060447284666
1958	3190	2.294451308709236
1958	2539	3.360493208620148
1958	3355	2.963428883004019
1958	2567	3.378781143631316
1958	1911	2.9689721734776415
1958	300	3.6770116563662447
1958	2722	3.305317929916354
1958	2724	3.4342483603970138
1958	312	2.4053541403442926
1958	174	2.556336408987274
1958	2597	2.8009670227690164
1958	325	2.6662847873398445
1958	186	3.0320150753679744
1958	1006	3.2708424142451076
1958	19	2.7742854060546263
1958	344	3.551622646240032
1958	1020	3.364612130507497
1958	2908	4.141414886062334
1958	3712	3.149359455788054
1958	2770	3.1535165603197637
1958	2771	2.8798204634276763
1958	2772	3.246110568005244
1958	500	3.952567961617583
1958	502	2.256570551929193
1958	44	2.881124433244453
1958	514	3.5931997086170866
1958	370	2.7053838790904563
1958	524	3.6533982952379964
1958	2798	2.190553112269539
1958	381	3.389914334160041
1958	528	2.7552971577764915
1958	61	3.142173174136202
1958	2007	2.8580036778181688
1958	542	2.9985131652995447
1958	1080	3.874998968295108
1958	93	2.4172832372937645
1958	700	3.521574923804694
1959	3241	4.365411692522672
1959	3852	4.266281948675755
1959	3893	4.01744652145973
1959	3897	4.7851273091087325
1959	3317	4.509791507466974
1969	3948	4.214362642964589
1969	3826	3.0829047682398105
1969	3897	4.623052755886697
1969	3174	3.9098959690989563
1969	110	4.982117346933366
1969	3556	3.976107209351969
1969	3707	3.58321052816063
1969	3785	3.662649438011536
1978	588	3.5848838874046898
1978	3945	1.7324447733455142
1978	1265	4.0096285542165635
1978	592	3.804264422705737
1978	750	4.376443364124913
1978	1292	4.090876799524713
1978	1294	4.073333730901414
1978	3054	2.177796212052244
1978	923	4.436137036535665
1978	784	2.9836059869815474
1978	786	3.2153673363978212
1978	1608	3.820697598000152
1978	3213	3.716488448600508
1978	2273	3.7319701635496045
1978	1617	4.24643360322811
1978	3081	3.553095698929721
1978	2294	3.456328979374966
1978	3421	4.160753693336155
1978	212	2.625040860210402
1978	2492	2.873879970875597
1978	231	3.5133475809633468
1978	3471	4.108645782608996
1978	2819	4.076613252370592
1978	1876	3.417760838611245
1978	3646	2.629500516963354
1978	2860	3.32088914476835
1978	3827	3.538459589311173
1978	2123	2.9946487286436145
1978	1333	3.9869211757883116
1978	2152	2.250913884698099
1978	3897	4.313792307077635
1978	2306	2.5817949892434093
1978	2167	3.6639444418510982
1978	1517	4.115331934219291
1978	1377	3.175631550920374
1978	858	4.518908630468988
1978	3146	3.0144489708567863
1978	3147	4.404717550634833
1978	3148	4.058366823205206
1978	2353	3.8514942512740147
1978	3156	3.0776452250284803
1978	2355	3.7203031635922854
1978	3159	3.801725987557677
1978	1704	4.352822193224667
1978	3173	3.2894299902558735
1978	2384	3.297096736598405
1978	2531	2.9287751038069825
1978	1592	2.5409807631711714
1978	1748	3.8356142948223626
1978	2555	1.7696831644148385
1978	150	4.147121028495096
1978	153	2.9058822096770425
1978	158	3.008057158556866
1978	2716	3.802035270304176
1978	1917	3.6126184700420976
1978	2728	4.0641249876331225
1978	318	4.650593217526249
1978	1797	4.074576398955985
1978	1005	2.399890228278238
1978	1957	3.8674717971626853
1978	344	3.3550407181252244
1978	1020	3.2779843766964176
1978	2762	4.482124273619646
1978	2791	3.960386856048284
1978	2792	3.0177229860971484
1978	2797	3.8873527849412035
1978	65	2.235989043654019
1978	1208	4.322356284608608
1978	1064	3.0154161777867836
1978	2011	3.444884352448639
1978	2012	3.2395992993373164
1978	3754	2.5190580231751443
1978	1220	3.849328690028478
1978	1225	4.260499540396255
1978	2028	4.576754393490939
1978	1233	4.2886008218138025
1978	1090	4.173460901947833
1978	2042	2.71479541491787
1978	3785	3.2208997374597543
1979	3793	3.575969130586062
1979	3276	2.4783799949473586
1979	3623	3.0085283150967004
1979	3316	2.656820157843008
1979	3189	3.395685085062708
1979	3354	2.449520967175002
1979	3510	3.5517176112459254
1979	3534	2.906977771457324
1979	3578	3.9790975462630693
1980	3794	3.3770226556565928
1980	2059	3.272738017460256
1980	3948	3.4705563045445382
1980	2085	3.320420253133892
1980	2400	3.0828567976288563
1980	2648	4.318090488968675
1980	1014	3.4286434187127783
1982	3897	4.146190511114391
1988	3044	3.596499542054503
1988	944	3.739816048788529
1988	2304	3.2019338975895812
1996	1249	4.311941109325785
1996	3827	3.7931844700387787
1996	3555	4.03814525002814
1996	3753	4.136553889584116
1996	3916	4.307700404800705
2015	587	2.5696027672187265
2015	8	2.7359400634152977
2015	3948	2.9458378024763694
2015	2065	3.4377856904089765
2015	2081	3.070781168672757
2015	3031	2.359424548280691
2015	1439	2.6548483729659695
2015	2403	3.654681497746357
2015	2265	2.1641406797944263
2015	3256	3.8603980282470487
2015	3264	2.6688977818995396
2015	1665	2.9706792410530936
2015	3418	3.072607477029568
2015	203	2.768168492433494
2015	3432	2.5221472413253645
2015	223	4.459209696671258
2015	252	3.321170962327692
2015	410	2.8612892534503582
2015	2836	3.087515063397865
2015	433	2.746069729739706
2015	438	2.684690988305987
2015	3667	2.1860040284282585
2015	3689	2.3879940174004806
2015	474	3.256415220484804
2015	637	2.6605332152119816
2015	647	3.14151832725433
2015	2123	2.4747504513063494
2015	2136	2.907509890324665
2015	809	2.5720261574883057
2015	3107	2.7997832681104953
2015	1513	2.6919357528767875
2015	1760	1.690829804890785
2015	3385	2.569964378965652
2015	3388	2.325323573051285
2015	349	3.9493822629167212
2015	1020	2.772014441177596
2015	504	2.873668999440472
2015	370	3.9593652136728683
2015	518	2.47446799093544
2015	2794	3.7456419148976465
2015	2796	3.244676582343555
2015	60	2.869581199796527
2015	88	2.9986497884327292
2015	708	3.4526997055086786
2015	710	2.3632117160582546
2018	1354	3.937189679130384
2018	3129	3.8277567880944723
2018	3148	4.113678141164987
2018	3189	3.813567572438374
2020	3949	4.022782150778821
2020	3066	3.5998733625700226
2020	3468	3.9663111104011595
2020	3499	3.7807000106529323
2020	3362	3.7255208912225775
2020	2706	3.750914895771094
2020	1997	4.08077455514361
2020	3911	3.9827928547456155
2022	587	3.5669685307066654
2022	2671	3.6734158737790765
2022	3624	3.617299526119031
2022	3827	3.41702513092554
2022	3893	3.5693424800338245
2022	3317	3.891834095020608
2022	111	4.012770990728577
2022	3527	3.9554687584453743
2022	1797	4.007652402869994
2022	33	3.2185111427851574
2022	3903	3.5091747388167582
2036	912	4.4045876503248795
2036	1449	4.288056657450764
2036	3083	4.205846912365425
2036	1197	4.312511527181757
2036	3129	3.80537366255309
2036	1247	4.290396553474482
2041	3952	3.7201434978504064
2041	1411	3.7743117479705606
2041	1288	3.925162018891598
2041	2410	2.7837750162532586
2041	2411	2.5413566962973984
2041	1617	4.366862778747622
2041	3097	4.055909196072133
2041	1676	3.153677318429605
2041	1694	3.5440784627076405
2041	2641	3.047015882992959
2041	2642	2.4154607192259077
2041	3801	4.096068508406305
2041	3688	2.3310435457784484
2041	3689	1.9823204480960903
2041	2119	2.1751301421706546
2041	647	3.4978055970481052
2041	2122	2.3498127688392327
2041	1193	4.184720947669255
2041	3893	3.581446640232765
2041	3317	3.9856226445433096
2041	111	4.140044308967902
2041	3512	3.6816357703125355
2041	307	3.9868787847733502
2041	3546	3.659078077658369
2041	1957	4.032435991344877
2041	1042	3.2977912011234776
2041	1093	3.319644468434182
2047	3481	3.8641426440063253
2060	3827	3.246246752686427
2060	2502	3.3920209581552356
2060	2769	3.0746011924641365
2063	3018	3.4416178651375975
2063	919	3.60645755812827
2063	3054	2.0457056631433277
2063	2253	3.2834549618916196
2063	924	3.4709376270675136
2063	3064	2.279493545463322
2063	1468	2.4317600230497445
2063	2411	2.278257307417393
2063	1475	2.7931377542872915
2063	2422	1.6453369810789227
2063	3082	2.606561992321741
2063	3095	4.178222176166883
2063	3250	3.39975918461567
2063	3409	3.3695886559880632
2063	3273	3.2735096368569323
2063	1677	2.524006157803871
2063	212	2.276743521547464
2063	3299	2.003654170573187
2063	2643	1.7030282502561385
2063	255	2.010665145013892
2063	2815	2.4407315171961286
2063	1885	2.389485835176657
2063	3646	2.2788806902967487
2063	3668	3.6150890951198167
2063	2868	2.1029184393953146
2063	459	2.492813480722319
2063	2887	3.125304485948432
2063	2125	3.45760215076122
2063	2132	3.9174683408150406
2063	1347	3.5061217976172747
2063	3898	2.6196246610281455
2063	2312	3.286864742296195
2063	1377	3.751722017900267
2063	2325	3.2732452488540846
2063	1393	3.680382359022733
2063	3181	3.690272957888381
2063	3328	3.2556823413603806
2063	118	3.1415330640105674
2063	135	2.8686321021918957
2063	3355	2.607807171410855
2063	2580	3.4322105689564126
2063	315	2.3934646429300632
2063	3535	3.4151719463019248
2063	3537	2.914690655306408
2063	1010	2.9361242431588894
2063	1956	3.1749710739236754
2063	3564	1.6392456902563033
2063	1969	2.2526737683444282
2063	3716	2.071231635542736
2063	1970	2.8387544779720972
2063	1974	3.2542852566168072
2063	3579	2.3445885012790315
2063	505	2.5770899694491116
2063	1978	2.0379423900769416
2063	1979	2.1477146856094764
2063	1980	2.127105788464928
2063	1981	1.5960185812584349
2063	2787	2.6476465672786427
2063	1985	2.39068560179328
2063	3593	1.455751892274089
2063	65	2.3456696364276124
2063	1064	2.713289394684165
2063	75	2.3114736737122485
2063	3751	3.101921482627877
2063	3763	2.816543036806966
2063	3774	1.9146285990994798
2070	246	4.744941517394533
2070	296	4.918279475551109
2070	3893	4.057512535271045
2070	2762	4.991624861078435
2070	36	4.518151641751998
2070	50	5.088566173797372
2070	529	4.54245231733435
2070	1204	4.947134499167847
2071	3949	3.9287424289289654
2071	3617	2.997877280325025
2071	2176	3.6334165004916423
2071	3901	2.236092968473967
2077	924	4.101756164455161
2077	2640	3.601766392274824
2077	3618	3.437762067038538
2077	3826	2.602358270358619
2077	3831	3.3832388980899073
2077	3886	2.969826514884741
2077	3317	3.897816677091018
2077	2729	3.6735337777661923
2077	2590	3.1720683215158973
2077	3396	3.400777762628254
2077	3398	3.3218173341309654
2077	1997	3.877116402335191
2077	3751	3.8388422944059237
2077	3753	3.6363729485120158
2077	2952	3.609205151613478
2077	3916	3.7813996633734264
2077	3784	3.082384921628545
2077	1246	4.519752728531834
2089	3005	3.3848948096560387
2089	3952	3.802372848997738
2089	3053	3.059033170254696
2089	3081	3.5973699119712945
2089	2600	3.4222950197550372
2089	2492	2.8158315187170846
2089	223	3.830849738680453
2089	233	3.671130529038518
2089	407	2.9239850557651756
2089	2686	3.9538749524492274
2089	2840	2.946399026266191
2089	2858	4.353091145179486
2089	3863	3.259015718619635
2089	2147	2.6054130370784603
2089	3113	2.637725064616767
2089	2333	3.8154386006085335
2089	3175	3.8116902720646384
2089	3176	3.431131983971068
2089	2719	2.3733403034121165
2089	2580	3.8758490399139798
2089	3384	3.857244275297635
2089	3543	3.943347124877791
2089	2906	2.329113752298129
2089	2763	3.6492924433712184
2089	3753	3.639810705457993
2092	3950	3.2130020373033
2092	2259	2.570215154550973
2092	3098	4.01417548698435
2092	3827	3.176059734083029
2092	3548	3.4815255930466544
2097	913	4.437804489938254
2097	2617	3.400284652185016
2097	1673	3.6885194620476454
2097	1537	4.100161239817679
2097	1954	3.9014699651694564
2097	2762	4.499610366751053
2097	47	4.04100588765193
2097	3915	3.4731408934873036
2105	3949	3.965430201549826
2105	3952	3.46750638210917
2105	3623	2.8991177486902684
2105	3893	3.2769985243218875
2105	3148	3.5676299880659177
2105	3175	3.829487602807756
2105	104	3.080018717648281
2105	1221	4.258574625227522
2105	3785	2.529185538588545
2106	3006	3.198654693371122
2106	904	3.209077090593158
2106	2268	3.198254575136552
2106	1617	3.264886952092483
2106	1621	2.1003236010475144
2106	2607	2.985083433805748
2106	1693	2.765543926538883
2106	3471	3.058888288727941
2106	3483	1.8718786273793744
2106	3863	2.543280416812733
2106	1199	2.8402611189066644
2106	2144	2.1645985143744046
2106	2333	3.0507549455538987
2106	2529	3.2380129045156005
2106	2540	2.024121972774104
2106	1952	3.1623924234247482
2106	3565	2.288113097971912
2106	2769	2.1793928867755596
2106	357	2.716949150305869
2106	46	2.0259594282877504
2106	3598	2.478283773640225
2106	3754	1.2091098877739055
2106	1079	2.8062136865247673
2106	3915	2.412856191277646
2106	3784	2.182652532387618
2106	3786	2.399755111423466
2106	1247	3.56867863353274
2114	383	3.397019154717047
2122	3006	3.8172272411413877
2122	1262	4.120626807948277
2122	923	4.178520836279457
2122	949	3.7539864369232077
2122	3827	3.185256990906016
2122	3897	3.9176596076444605
2122	1394	3.4880545107544285
2122	111	3.9130726641157176
2122	3901	2.269248234301463
2122	1231	3.8610463964548534
2131	2995	2.5462616812292382
2131	3948	3.791493970762896
2131	592	3.4905726129439296
2131	3016	3.4165025354153182
2131	742	2.6536888362846027
2131	1278	4.185777964783551
2131	1603	3.0325681611621227
2131	2406	3.694234453253089
2131	2428	2.993978114749197
2131	2288	3.9925815940666936
2131	968	3.9952372997142587
2131	2451	2.805970707292685
2131	2465	2.2984298794712146
2131	230	3.497695585689438
2131	2668	2.618894192819751
2131	260	4.614588017554145
2131	435	2.685954214126472
2131	442	3.0113121343128793
2131	3660	2.9524005493315255
2131	3662	2.3281617802192516
2131	1127	3.6741265222517576
2131	1128	3.0361711466860455
2131	1130	3.4971573779274254
2131	2872	3.929207095436491
2131	606	2.3521633472863557
2131	610	3.688745853804856
2131	3837	3.0133554944542382
2131	3838	2.816996247344882
2131	3839	2.7898241802379107
2131	3840	2.693077553502178
2131	2115	3.864833053150833
2131	2119	2.390321009969148
2131	1321	4.022755368273841
2131	1196	4.406478828071889
2131	1198	4.638331965093754
2131	1345	3.964315180386795
2131	1347	3.8329181492313453
2131	2327	2.9905688313054895
2131	2193	3.478171862263296
2131	2194	4.008697060360334
2131	1544	2.933073930206664
2131	2513	3.1037708562112143
2131	2517	3.1161454933706536
2131	3175	4.149649879909113
2131	2519	3.430110288446254
2131	1591	2.581816506242976
2131	1909	3.7471984253206214
2131	2716	4.344292842003319
2131	1779	2.692281465027051
2131	163	3.4665582803671726
2131	2722	3.065034666451859
2131	316	3.384839242454278
2131	196	2.961404234874987
2131	1954	4.114183494000415
2131	3703	3.631504410549257
2131	2901	3.3507626844771883
2131	3704	3.1193506936733986
2131	3708	3.020928317866334
2131	1036	4.4016460295276705
2131	1974	3.2431938005373677
2131	3727	3.835991190752127
2131	1982	4.218261702854164
2131	512	3.0159539868167617
2131	1983	3.002293845191109
2131	379	2.9121190869890228
2131	1991	2.9817588363845915
2131	1994	4.163050438983458
2131	382	3.068391535985253
2131	2000	4.250798351621054
2131	2003	3.5595826634699614
2131	1210	3.9653823346829267
2131	546	1.9967842736759887
2131	3901	2.637710106319324
2131	1222	4.330113907547653
2131	555	4.0775864924138485
2131	3917	3.304812838691147
2131	1240	4.4362717755600976
2159	1248	4.260566147415471
2159	1252	4.359290261894128
2159	2208	4.155570524149991
2159	1260	4.300343474517133
2159	750	4.479721529559387
2159	1284	4.358904862945044
2159	912	4.445059042920311
2159	913	4.417312142215269
2159	3089	4.386492962452549
2159	3093	3.6513340463371424
2159	3095	4.1609219667269475
2159	3435	4.431558896376844
2159	3678	3.81255533410546
2159	3134	4.431614717580643
2159	1397	3.6262286545657276
2159	3307	4.3674064419950565
2159	3341	4.062993805902532
2159	318	4.605904201400995
2159	41	3.968475919932329
2159	2920	4.120342777216224
2159	2932	3.935141850338344
2159	1202	3.586434276400949
2159	1212	4.5063737391469
2168	3943	3.201031766378454
2168	924	4.395904335180204
2168	3827	3.7274455805211484
2168	2712	3.553744351095712
2168	3598	3.8260628813191953
2176	3943	3.2591087440512934
2176	910	4.751275668411676
2176	3424	4.34133682854672
2176	2496	3.808051327405683
2176	246	4.6088902628549775
2176	851	3.866498322222418
2176	300	4.2533823321792905
2176	2730	3.984386980996122
2188	2692	3.6183074109578777
2188	2858	3.830546235220945
2188	3860	2.9145818820190508
2188	3157	2.8888006772563166
2188	3325	1.8954379437169178
2188	3598	3.1194088902590513
2188	3910	3.574830139374081
2193	2617	3.6833475745372963
2195	2995	2.9110711437738415
2195	2059	3.77190963311663
2195	586	3.633941383302091
2195	588	3.9374891655257254
2195	8	3.5689313893382915
2195	1405	3.62117379196392
2195	1265	4.683165514462386
2195	593	4.879223034377394
2195	594	4.317345991361892
2195	595	4.0157057241480505
2195	596	4.2837562079961975
2195	2078	4.306797183024307
2195	2080	4.127572015582889
2195	1282	4.313560285122816
2195	2085	4.028769175164608
2195	2087	4.044480493169
2195	2089	3.6998235972531
2195	3034	4.2604339216171825
2195	2090	3.9122150638592825
2195	2092	3.0052653400872096
2195	2096	4.199377971083278
2195	783	3.799035852936428
2195	784	3.3904131682227843
2195	3213	4.276467778303379
2195	1476	4.110339556176636
2195	1479	3.9152039679460393
2195	1485	4.161434695202607
2195	1489	3.2695389507303516
2195	2294	3.9711384087720867
2195	3247	3.6167971452576744
2195	2605	3.962091502986402
2195	1805	4.076767244981086
2195	2470	4.0905458297978745
2195	2471	3.2993095698909762
2195	1682	4.256838970564371
2195	216	3.925515156576136
2195	239	3.479586373614577
2195	3608	3.960458608116579
2195	250	3.4779724503867104
2195	258	2.9608312709732876
2195	267	3.3862302475336117
2195	2683	4.24143647050022
2195	1881	3.4547875937973385
2195	413	3.2183980413532187
2195	414	3.2873675865149035
2195	3489	3.47281275389657
2195	2687	4.042001115969023
2195	2693	4.395368851328474
2195	1895	3.73637392900174
2195	435	3.119191302174189
2195	2860	3.7795452149638664
2195	2861	3.723985853820729
2195	616	3.8425118175600446
2195	484	3.413818553185915
2195	631	2.7167889204506968
2195	2123	3.459076475075679
2195	2125	4.256473609957026
2195	2137	4.339796966257863
2195	802	3.9590652767934476
2195	2139	4.343751379246023
2195	661	3.9557299955961454
2195	2142	3.4049570142008263
2195	673	3.2079801682907707
2195	1367	3.409275001324484
2195	3114	4.299224849199229
2195	840	3.2726875131938535
2195	1374	4.412479144945831
2195	2321	4.137265005749708
2195	852	3.7346286247167617
2195	2335	3.8037285890005297
2195	2355	3.9330997044767626
2195	881	3.1524648690567134
2195	2501	4.584329706494905
2195	1702	3.156441603232419
2195	1704	4.830535672675061
2195	1566	3.7831458396332565
2195	1573	4.239516694443291
2195	104	4.280166108768021
2195	1721	4.291106853547555
2195	1722	4.392379657067096
2195	1726	3.4102272372382934
2195	2394	3.9876441873666497
2195	1597	4.010232751122801
2195	2541	3.6585686459234705
2195	1747	4.085653511356143
2195	1907	4.154369846850498
2195	1911	3.4865544975799128
2195	185	3.384973308333667
2195	1005	2.8607369852251243
2195	333	4.179146047130308
2195	13	3.820680135435469
2195	1021	3.266558249437647
2195	1022	4.197110826528823
2195	2762	4.760463743668692
2195	1023	4.5328417687631735
2195	1025	4.198950867857483
2195	1027	3.716955438757574
2195	356	4.385022862230259
2195	34	3.941970285699723
2195	1032	4.197265666733825
2195	1033	3.957420004576564
2195	361	3.967995210149103
2195	364	4.096072181097017
2195	374	2.6488780159286542
2195	56	3.2644151909252033
2195	520	3.6395933670564977
2195	528	3.14836366996455
2195	529	4.420172719416867
2195	2949	4.552682684996411
2195	1064	3.4979029622814735
2195	393	2.50900503977526
2195	2012	3.8206474507592296
2195	95	3.6135993070660657
2195	2033	3.7915289118846722
2195	2042	3.1709021937317954
2195	2048	4.107078872814301
2225	2693	3.6333630609974086
2239	3897	4.625956112153661
2242	1265	4.748808256339408
2242	1278	4.545104958448995
2242	1285	3.7766095661164525
2242	1608	3.8718757556893504
2242	2413	3.7008962270330907
2242	1485	3.754071268710143
2242	3243	2.8053168700897113
2242	1641	4.443317217558946
2242	3247	3.393800985645935
2242	3248	2.6702507382724434
2242	1645	3.684194430511092
2242	3258	2.9694681798643336
2242	3263	3.2050926881539286
2242	3264	3.012650834958981
2242	3268	2.0638167264559546
2242	2478	3.3099550622139997
2242	252	3.436623036505964
2242	410	3.023852351409131
2242	288	2.699586738613476
2242	440	4.0652035764165095
2242	3809	3.47038197111055
2242	3671	4.220208355442339
2242	1136	4.399301768420086
2242	485	2.751041198829972
2242	497	4.102232064238581
2242	2124	3.21262872705742
2242	1339	3.2744693382078682
2242	2150	3.803460587702686
2242	2302	4.012632259095625
2242	1500	3.857331233009407
2242	2163	2.950449027079185
2242	2321	3.7624807028635154
2242	2324	4.201787542785717
2242	1387	3.400023316210378
2242	3157	3.2995516739614406
2242	1569	3.6488699331507872
2242	1590	2.5969220178157126
2242	1747	3.7167703814107425
2242	2550	3.5266299024632173
2242	3510	4.125482684946252
2242	2716	4.634023768868445
2242	2717	3.2657103725430594
2242	2719	2.5397363628631586
2242	316	4.061602205850888
2242	2746	3.423035502583648
2242	2747	3.3845958694275153
2242	19	2.81086581231237
2242	344	3.6259990974035317
2242	3565	3.353223421750883
2242	355	2.4941472317257314
2242	356	3.570146461681625
2242	357	3.8955565342868557
2242	2770	3.4556922467685296
2242	500	3.6288715977298955
2242	47	4.368989172245312
2242	517	3.420290836272981
2242	520	3.0776941398319053
2242	2003	3.522219290111629
2242	1205	3.604373905623299
2242	3753	4.0122591961176015
2242	1219	4.206063945663938
2242	543	3.3407710689276944
2242	550	3.3007219436704887
2242	1091	2.987733754023468
2242	708	3.8676680239616625
2246	589	4.21715561597546
2246	6	3.4019279856461844
2246	3055	3.040588787226796
2246	1610	3.8590270344959454
2246	1625	3.7297764441237016
2246	1653	3.3351052565547326
2246	3814	3.742647661751779
2246	608	3.5541572571937956
2246	1358	3.8706217094621693
2246	2357	3.8682861928428083
2246	1732	3.6865181147029777
2246	2391	3.415589785077122
2246	2542	3.6212405511187766
2246	154	3.415708656184351
2246	161	3.477322677917489
2246	319	3.543978851097297
2246	1794	3.0214545860693294
2246	16	3.583050275203718
2246	47	3.5993640765527153
2246	50	4.277778315359775
2271	1248	4.483943232622142
2271	1252	4.6846633282396875
2271	2993	4.014640080788098
2271	2058	3.8647149135483216
2271	1	4.287228616149045
2271	6	4.049337261637782
2271	1260	4.540998544902374
2271	1429	3.572943717608595
2271	1287	4.438236204254697
2271	913	4.724314634541633
2271	1459	3.6340982904532533
2271	1617	4.513648956948135
2271	2278	3.8416657972638886
2271	2427	3.7208926513797866
2271	1645	3.667611486884866
2271	3256	4.064004505208716
2271	3406	4.089886379126233
2271	3418	3.928127089744675
2271	2858	4.604190998066826
2271	457	4.314724516819621
2271	2872	4.123115158409867
2271	2879	3.7029413677044114
2271	474	4.062597154130794
2271	2893	3.0595105546269674
2271	480	4.197433658208388
2271	648	3.7812153379472093
2271	3104	4.124055778563418
2271	2353	3.8982836190754986
2271	1589	3.594339009356523
2271	1732	4.091806997931764
2271	163	3.767528416641851
2271	164	3.815121471213933
2271	1934	4.2435630875892
2271	1954	4.313185474068499
2271	21	3.936220318820594
2271	3702	4.000996108877678
2271	350	3.69332247419344
2271	2916	3.7687914903922213
2271	1036	4.3057695768704125
2271	3726	3.8881531842449313
2271	377	3.972760375896986
2271	2000	4.190904386090001
2271	2949	4.248396213662139
2271	3753	4.094846503977421
2271	2951	4.252024193165593
2271	1215	4.06145909148107
2271	1220	4.378715191931978
2271	1092	3.8048541060652004
2272	593	4.586194165330625
2272	3950	3.5971549363455098
2272	3240	3.6823396872703715
2272	3241	4.036007266109148
2272	3618	3.584692568285727
2272	3827	3.691419373882981
2272	621	3.9015051570327035
2272	3893	3.754845863715091
2272	3326	3.177728831935454
2272	3512	3.8402266443262394
2272	2571	4.73390252357617
2272	357	3.9350926724710895
2272	3579	2.8120331995885683
2272	50	4.7757548842860515
2362	3952	3.730209302456394
2362	3138	3.159501950819269
2362	2706	3.98925775745983
2362	32	3.74055209590223
2376	933	3.905807419965993
2376	3299	1.977251933560615
2376	1747	3.537342416300365
2376	1953	4.062331328080517
2376	3916	3.5182133531716557
2380	3798	3.291744953898226
2380	1293	4.019529920426525
2380	3408	3.732233858610259
2380	3481	4.065604042809905
2380	3484	2.700277495374671
2380	1302	3.609568392464135
2380	3893	3.350326135235432
2380	3897	4.1205446640187695
2380	2194	3.823287866740117
2380	3360	3.840064085502482
2380	1957	3.795508849266285
2380	1961	3.8764825795792324
2380	1962	3.644078386385888
2380	3901	2.4226584403369165
2380	1222	3.808379490186138
2380	3911	3.994162951890121
2380	1231	3.9392056321952076
2380	1090	3.8660711220486963
2380	1097	3.460524531677003
2380	1242	4.167925522703554
2380	1246	3.974507729577306
2390	3408	4.452611893914643
2390	3286	2.652808665304631
2390	3623	3.5986927075691386
2390	3481	4.226967635558981
2390	3897	4.580852456566449
2390	3553	3.267467729830274
2390	3565	3.7095857046105536
2390	3753	4.481912625864886
2395	2997	3.6233009604926543
2395	1614	3.2400831111442985
2395	2424	3.4876372132965083
2395	1644	2.6028141962892835
2395	1805	3.7097505193707216
2395	1678	3.862514691400651
2395	3617	3.378811911467551
2395	3624	3.5551836497825957
2395	1179	3.801211968022793
2395	2155	3.3358319811489103
2395	2340	3.3662068459610888
2395	1552	3.4965482912969117
2395	1721	3.8121527468792396
2395	1729	3.697518710205993
2395	2542	3.793440378704426
2395	140	3.178227223634632
2395	1777	3.259390472303247
2395	3386	3.8530360639050563
2395	356	4.228047171315694
2395	539	3.8221590439413715
2395	3752	3.0257013634541945
2409	3948	3.876635421396689
2409	2805	3.074390905701715
2409	3481	3.951859514225074
2409	3831	3.8511213817637158
2409	3852	3.907531213224354
2409	3893	3.667709912637699
2409	3897	4.390964585392695
2409	3317	4.146504628191604
2409	3173	3.335798597471052
2409	2396	4.357079700360701
2409	3510	3.9938561434880158
2409	3578	4.186179959817689
2415	3827	3.543825106560512
2415	3897	4.384166369508745
2427	3793	4.0937713178898
2427	3798	3.655362219971214
2427	2997	4.463197633762044
2427	3005	3.686291301157108
2427	595	4.240529676307667
2427	2078	4.124238174707414
2427	2080	4.132524716168513
2427	1282	4.241863234353416
2427	3225	3.118742726398003
2427	2434	4.036116557704433
2427	3408	4.135816669450318
2427	2485	3.299830152070244
2427	223	4.22587777075939
2427	3298	3.75470981713569
2427	3452	3.429690498940978
2427	3453	2.922865554561283
2427	3454	3.1992838898384703
2427	3457	3.374008507223588
2427	2806	2.8814146196697252
2427	3623	3.4557107079006997
2427	3481	4.182366460539454
2427	2683	3.6251682895696553
2427	1881	3.199805776270845
2427	2687	3.933473167761093
2427	2690	3.9271650690560027
2427	2692	4.471662610103413
2427	293	4.411445679417895
2427	2858	4.655061903829904
2427	446	4.3489234423956535
2427	2861	3.4233194885688394
2427	1127	3.988025416084389
2427	3824	2.501195953661796
2427	2888	3.077782012328625
2427	497	4.247732325474502
2427	3861	3.4188804751919086
2427	3883	3.0853864096179793
2427	3897	4.525927948977031
2427	1513	3.2642465081174525
2427	2188	2.993594342012648
2427	2336	4.293473487315827
2427	3146	3.1566322558727316
2427	3155	3.6618383920915574
2427	2355	4.112181950906831
2427	2502	4.077310511761702
2427	3160	4.1392706626251545
2427	3175	3.9913727062832716
2427	3176	3.717543476542913
2427	2395	4.0252233344720665
2427	2396	4.404922689420013
2427	2541	3.469194618226512
2427	2706	3.9913821031123393
2427	3510	4.043334127198937
2427	2712	3.484974994604359
2427	1911	3.201443973673681
2427	2714	3.534859008816012
2427	2718	3.3674742738858794
2427	2572	3.653889702708391
2427	2575	4.31414213531129
2427	2724	3.421895685143671
2427	2580	4.095061633107654
2427	2581	3.4493472548728397
2427	313	3.2507134533778377
2427	314	4.0898513455906205
2427	3536	3.983811880168373
2427	3538	3.930226330819305
2427	2598	3.2868852682085126
2427	326	4.57811249989219
2427	2599	4.124409157325978
2427	3543	4.178182284106056
2427	3554	3.76875986833484
2427	1959	3.90311010826346
2427	2907	2.799757127503939
2427	2762	4.713013411089973
2427	2763	3.9131863356334105
2427	1968	4.068788149780005
2427	2770	3.496332467959362
2427	3578	4.365553667787811
2427	509	3.918349349382
2427	3594	3.6103594739423452
2427	3743	2.942699050497154
2427	3751	4.144714579064156
2427	2018	4.07269818572863
2427	2959	4.23274531609687
2427	3915	3.7098811871223467
2427	3916	4.244208865531877
2427	2975	3.329047212667176
2427	2976	3.288290364760568
2446	2605	3.3287129041981864
2446	2806	2.9555215158537176
2446	2688	3.3907392769747773
2446	2840	3.3154183146453913
2446	2188	3.067490842308998
2446	3175	3.3547950003852494
2446	2568	2.4863309991692097
2446	2722	2.9527215565741356
2446	2723	3.423535355472657
2446	2581	3.4798230933890615
2451	3948	3.3695560452492486
2451	3952	3.3614655127144912
2451	2617	3.00147674449798
2451	3895	1.9701185938659758
2451	3897	3.8527564142694315
2451	3317	3.624683412422682
2451	1721	3.1792986595743202
2451	3512	3.3663195193434317
2451	1772	2.092581123349342
2451	2583	3.2733038171350883
2451	3745	3.0450464756936304
2451	1220	3.5488796360094805
2451	3916	3.5948916223264997
2462	745	4.490405354523332
2462	1614	3.2392320712602203
2462	2431	3.082542265797715
2462	3253	3.535890245822388
2462	3255	3.7318136024519917
2462	3263	3.1282842315085597
2462	3421	3.9692328007559308
2462	3450	3.459994747663353
2462	2683	3.2816838779737854
2462	2858	4.165277211558604
2462	1125	3.728443672738803
2462	3812	3.4425275618842046
2462	1148	4.509204755862128
2462	2109	3.7126809068260607
2462	1517	3.7477631868217425
2462	2321	3.551598415020227
2462	3157	3.1560949855645926
2462	1566	3.3399164740445437
2462	1919	3.072414699956435
2462	344	3.2206319427446646
2462	1020	3.089133895654113
2462	1963	3.9213603074506254
2462	500	3.3481260962682082
2462	2788	4.074013220551423
2462	380	3.594933268284355
2462	539	3.643373126115092
2462	1073	3.9500660521300546
2462	1083	3.467795429151985
2462	1235	4.171721803461823
2471	915	3.337105712675477
2471	933	3.4501095178731593
2471	969	3.578989752554542
2471	899	3.6069525830747464
2471	3368	2.9212321135132866
2489	3798	3.0784719201134045
2489	586	2.9614663363965894
2489	2424	3.0619562021840965
2489	1624	2.453330770835312
2489	1625	3.596633469533371
2489	1485	3.103097095212452
2489	2431	2.888322121258381
2489	2439	3.365568376986217
2489	1641	3.555127881679942
2489	1642	2.8094469593042346
2489	3247	2.9440044392523856
2489	2445	2.6226197856988946
2489	3255	3.355881511057435
2489	3408	3.380930920592148
2489	3263	2.900467931770531
2489	3274	2.8560623908211986
2489	2620	3.5106427490389347
2489	1689	2.8010231316039143
2489	1833	2.808694771657444
2489	231	2.932471439785749
2489	3450	3.344896491409467
2489	1864	2.850750304996159
2489	257	2.8820771777540473
2489	259	2.5696771933777627
2489	2671	3.4403809057838144
2489	1885	3.2772392488750306
2489	1892	2.9720945899091524
2489	2840	2.659424393491262
2489	296	4.0210401958285695
2489	2858	4.0924006432241224
2489	440	3.5510087155124097
2489	3809	3.0694612256568967
2489	603	2.810725698029756
2489	474	3.396264025807957
2489	801	2.9151873017093117
2489	3100	3.517821214224409
2489	2302	3.474627864185345
2489	3107	3.1741355941479488
2489	3108	3.2984195543884964
2489	2321	3.365539430067778
2489	852	2.939421629417247
2489	2338	2.082408283942536
2489	3147	3.768089242870581
2489	2355	3.5096656995358466
2489	2501	3.8079633053485415
2489	1701	3.1252760416005567
2489	3174	3.1275227263372987
2489	3176	2.921847458123218
2489	104	3.049670804114747
2489	2391	3.367537706272077
2489	1597	3.0501279669207584
2489	2542	3.5449430120007603
2489	1747	3.08824903834531
2489	141	3.226218639442609
2489	2701	1.9873474373257947
2489	2706	3.4566796241605506
2489	1914	3.503818696769343
2489	2724	2.8300548414855324
2489	339	3.230691248398666
2489	3555	3.2552863264110132
2489	342	3.3957223071586253
2489	2763	3.268991977180286
2489	500	3.160676511036606
2489	509	3.432179409051702
2489	1049	3.0812402239718457
2489	372	2.8583185757119347
2489	2006	3.312733415130464
2489	537	2.922462798550701
2489	3755	3.1357219404862264
2489	89	2.7946066455222764
2489	3785	3.0312292550289257
2501	2987	3.5673354129910937
2501	3793	3.9257158928832125
2501	3798	3.349600102724985
2501	593	4.132798231951899
2501	3016	3.1608099662886553
2501	903	4.1892141741428865
2501	2093	2.8256696570361775
2501	904	4.45731002002865
2501	785	3.5038596189256874
2501	3081	3.4484662481478354
2501	968	3.5925858113821136
2501	3273	2.6834118869614687
2501	223	3.968936919906148
2501	3298	3.4477280710940343
2501	3623	3.3293720454945186
2501	3627	3.507188011472487
2501	2683	3.2305505609203733
2501	2692	4.166236897742641
2501	2699	3.0638397137066034
2501	3680	3.8753779508885713
2501	2147	2.5140398456668427
2501	2502	3.757096735831594
2501	3176	3.3422507963217303
2501	3350	3.8734493202523033
2501	2700	3.8667547944293195
2501	3362	3.945073173109469
2501	2706	3.6924816559666866
2501	2707	3.472099501210905
2501	2710	3.044089294870648
2501	2716	3.843937758676237
2501	2572	3.2766101708256694
2501	318	4.591358625893095
2501	2734	3.3414320355169322
2501	3551	3.8482302447372585
2501	1952	4.0285877452523895
2501	2762	4.375403803951439
2501	2772	2.994315428455582
2501	3578	4.062075385081148
2501	3752	3.1114524529985466
2501	2013	3.455328931474113
2501	2959	3.9461930307358752
2501	2038	2.857412071927126
2501	1093	3.3668629530454073
2507	1264	4.439155910674224
2507	1287	4.148516396687089
2507	2406	3.68135302197193
2507	1912	4.217581507662724
2535	3325	2.382812528222235
2544	2204	3.827028765825999
2544	2208	4.119483501874568
2544	2071	3.9071751899673526
2544	1282	3.790203301361406
2544	2243	3.7525885088482247
2544	2248	4.061407656449935
2544	1446	3.963422505300917
2544	931	3.8403528602096584
2544	3069	3.786481170263378
2544	1610	3.839050586461664
2544	940	3.898272996379954
2544	3097	4.07237768479755
2544	232	3.990901705451947
2544	2804	4.028496796552186
2544	1860	3.6353305862610865
2544	2664	4.131846196150792
2544	3634	4.165857248971964
2544	2692	3.970843383997742
2544	1111	3.9645625145804213
2544	3653	3.8135634727374543
2544	1123	3.5658032769989374
2544	3827	3.3402838038581173
2544	474	3.6958706005461157
2544	1150	3.839270257350749
2544	1162	3.76414701701883
2544	1183	3.855433885480147
2544	1187	3.6472921759289814
2544	3897	4.107056928784926
2544	2159	3.5577858328186647
2544	3105	3.7003852745496384
2544	2329	3.8765083311462756
2544	1535	3.384870962875172
2544	2348	3.5008739252695165
2544	3341	4.009116709928153
2544	3347	3.879075845551374
2544	1913	3.7429121797999216
2544	306	4.243257630934508
2544	307	4.090806747964999
2544	308	3.9153046950706845
2544	2724	2.9719326842257097
2544	2729	3.794369531069123
2544	1929	3.6432697621011494
2544	199	3.737180115867828
2544	515	3.856257575570898
2544	373	3.7408906181808677
2544	2940	3.962083023279207
2544	1060	3.7937046102538017
2544	1066	4.004613901133574
2544	534	3.732002637382714
2544	1211	4.046029622067447
2544	1218	4.154994418946999
2544	2967	3.7995522145803795
2544	702	3.544702551953488
2547	2064	4.191058295045664
2547	593	4.549577346580493
2547	599	4.35855898834999
2547	1283	4.403858889131745
2547	1285	3.9941268674743533
2547	1296	4.225138397277695
2547	927	4.0639282914591375
2547	3200	4.045598876648745
2547	3201	4.125367247539634
2547	951	4.462979182573952
2547	2289	4.198612832590438
2547	994	4.303854338112303
2547	3424	4.048782497253073
2547	2804	4.369430286596961
2547	260	4.541916331216384
2547	3481	4.205929908645167
2547	296	4.646755831743792
2547	1307	4.2799719373515135
2547	2132	4.203951714054907
2547	1197	4.240719742841383
2547	1198	4.652862312797306
2547	3111	3.9395173811562
2547	3152	4.13766896502379
2547	3198	4.258557457823558
2547	2396	4.489729391976521
2547	3341	4.213773647060194
2547	3365	4.324611992819696
2547	2571	4.256202622272611
2547	318	4.713476676010212
2547	2599	4.033920905779691
2547	3548	4.100495836908852
2547	1944	4.3072242164702415
2547	1945	4.470135136071154
2547	1956	4.148567011836956
2547	1036	4.355778657409753
2547	2940	4.196695863531761
2547	1201	4.350688247999667
2547	1213	4.5661973930763535
2547	2020	4.204005096036982
2547	90	3.7430372155905447
2547	2973	4.282067097853086
2547	1235	4.347565014443181
2547	1096	4.156256283127823
2547	1244	4.264469096377169
2565	3827	3.491037331366833
2583	3578	5.007184118955295
2593	628	4.477971312852026
2594	733	3.3388979880324725
2594	593	3.838272250357334
2594	3086	3.007320885021607
2594	3256	3.3355684697634267
2594	3269	2.7939737665828925
2594	3418	3.1305695806905036
2594	1676	2.8533649629916034
2594	1848	2.574810120280235
2594	434	2.6646796372660253
2594	296	3.693619087782569
2594	457	3.7995629254500116
2594	494	2.9822592581020997
2594	3861	2.7451684113292534
2594	653	2.8450014861287625
2594	1358	3.758127305110508
2594	2167	3.1311504194392774
2594	1370	3.174855817820344
2594	1393	3.4972177232174544
2594	1544	2.806717421903312
2594	2353	3.3611978849933952
2594	1552	2.876389287975546
2594	3175	3.38232816997782
2594	2571	3.930877459342614
2594	318	4.18029983390388
2594	349	3.3379077545347884
2594	2763	3.2517389861394923
2594	2916	3.2220133342364976
2594	1036	3.8161292612751874
2594	380	3.2748847708510467
2594	3755	2.952930294935877
2594	3784	2.8389944908748324
2611	587	3.599703742145482
2611	3005	3.0410638387593756
2611	913	3.733676797637982
2611	2409	3.1060711670253167
2611	2410	2.5143944581319637
2611	2411	2.5527231550652396
2611	2412	1.954224907752742
2611	3219	3.028094868982051
2611	3081	2.798065928400686
2611	2605	2.806215849325029
2611	3273	2.4045004221580397
2611	2617	2.1843977143093323
2611	2622	2.8157952067368304
2611	3298	3.4969257400257137
2611	2640	3.663306152096909
2611	2641	3.2533877053086044
2611	2642	2.0557638241773213
2611	2643	1.6062313348473098
2611	407	2.629393234306546
2611	3623	2.3498686003844487
2611	3483	2.998386976505407
2611	2683	2.7757250181346977
2611	2688	2.8465394848201315
2611	2694	3.316238081582021
2611	2699	2.937206293879992
2611	435	1.9613304186902745
2611	2861	2.8595698318311618
2611	647	3.165196783637508
2611	2122	2.363416388437383
2611	839	2.0487516617261354
2611	1388	2.389485589592879
2611	3159	3.458768235883255
2611	2502	3.8763364483754397
2611	2369	2.3653085645900083
2611	3174	2.850749863624978
2611	3176	3.365678097464281
2611	2702	2.893454435918521
2611	2709	3.014621316097726
2611	2710	3.1329546953488268
2611	2712	2.2874559379128856
2611	1911	2.646187448128716
2611	2722	2.556897865106205
2611	1954	3.9399894382484604
2611	1958	3.612498413613825
2611	2907	2.3742882799323395
2611	2762	3.9324611446527946
2611	353	3.0950467611480157
2611	2770	2.723214413641484
2611	2771	2.5587777137016747
2611	2772	2.664828521406636
2611	3578	3.6985800995677094
2611	3740	3.0664462501857064
2611	3745	3.181630513282413
2611	3752	3.0144479587472994
2611	2959	3.8676251543450535
2611	2976	2.4407103836596287
2611	1093	3.2672045753107852
2627	2989	2.9784499017983084
2627	1257	3.3378061337158407
2627	3948	3.130926203094629
2627	2065	3.151617954023251
2627	3952	3.2190339012710676
2627	2075	3.0594506209564565
2627	1285	3.1639658300061364
2627	2088	2.0675373115157942
2627	3039	3.2694746161597776
2627	2245	2.8011658843920135
2627	2247	2.5266968039933433
2627	2248	3.3733816116509177
2627	1449	3.897510390927281
2627	2402	2.3478286391154177
2627	2403	2.8998071671596173
2627	2404	1.954997347538456
2627	2406	3.1428880542579094
2627	2260	2.2778180947965874
2627	2410	2.3306776582289292
2627	2411	2.116708925945468
2627	2414	2.7794439016717085
2627	3071	3.194770470439181
2627	3072	2.957965489154482
2627	2416	2.5945194516138077
2627	2421	2.240894729521492
2627	2423	3.240611027522019
2627	3098	3.2637043675244115
2627	2463	2.899257408226254
2627	2467	3.366424528902901
2627	3274	2.632074771816683
2627	1674	3.3233850576561332
2627	3422	2.897281912347284
2627	3441	2.7791836170400663
2627	2641	2.5135738227935813
2627	2642	1.926533239456947
2627	2802	2.5402416209101197
2627	2804	3.668060960171241
2627	2815	2.055858073494263
2627	2816	1.359993939418577
2627	1885	3.2199394071202216
2627	2852	3.2606243456030115
2627	446	3.5458888969658053
2627	471	3.129266570931214
2627	3693	2.2519926562454518
2627	3698	2.7745804486895054
2627	2100	2.944926223821146
2627	1300	3.645196861973379
2627	3846	2.669500686383032
2627	1305	3.3287383736286884
2627	2111	2.781931789815384
2627	2114	3.161224400510291
2627	1186	3.146732119044052
2627	2134	2.9487736139123926
2627	2137	3.3500619432996026
2627	2144	3.1786542772119426
2627	1373	2.2004695949104414
2627	2321	3.104511129522706
2627	2329	3.749383149298207
2627	1389	1.3946493279039625
2627	2349	3.065114904301547
2627	2359	3.3126877813934184
2627	2369	2.2037968670922616
2627	2371	2.9131757450210642
2627	1587	2.9153034112733627
2627	1747	3.067902200449613
2627	3360	3.361845541345163
2627	1904	3.016570692889242
2627	300	3.326783600169206
2627	3524	2.777040617613821
2627	3526	3.185155076402616
2627	1923	3.4824405218546164
2627	187	2.676713756779579
2627	337	3.334976595526627
2627	3552	3.3065287796894602
2627	2750	3.156662152267414
2627	2752	2.4732278343612397
2627	1961	3.4731692752254903
2627	1962	3.2235048421126695
2627	1965	3.3082795426292346
2627	1968	3.373761009507671
2627	2915	2.9673236176218167
2627	2918	3.5216700130822103
2627	2926	2.727975448753953
2627	3591	2.8486540189417515
2627	2795	3.377065197602778
2627	3598	2.9623910117346792
2627	2003	2.615524277108429
2627	2005	2.9812853625825992
2627	3747	3.252628446151527
2627	2011	2.7838999723899343
2627	3751	3.6352961932428687
2627	3766	2.1222510264864414
2627	1227	3.4203602089821663
2636	3006	3.9677494147896453
2636	1288	4.11396349156148
2636	2268	3.9056150494961273
2636	1136	4.444535659305176
2636	1193	4.323457406706957
2636	3359	4.049344668401772
2636	150	3.991817051870713
2636	1923	3.964710425951144
2636	529	3.9645816113098955
2636	1203	4.236095738630129
2641	587	3.975226370190735
2641	1266	4.301851868043161
2641	2410	3.401574499453616
2641	3219	3.5594065055406316
2641	3098	4.166606311175208
2641	2640	4.042112137427118
2641	2641	3.6947890626438142
2641	2134	3.7968945521270836
2641	3893	3.800314813746618
2641	1388	2.865741632652495
2641	3396	4.224309652291866
2641	1968	4.3376889095331155
2641	358	3.419651809403275
2641	2781	3.4875164618155696
2641	1209	4.353085112272922
2683	3174	4.159513391403968
2683	2724	3.908408792486764
2683	2770	3.864433639631831
2684	593	4.221496828194363
2684	1280	3.9135249210189826
2684	778	3.8741392941180846
2684	1466	3.501442392413181
2684	3083	3.738586828460164
2684	2289	3.8794604539224347
2684	1633	3.4152749547664754
2684	1653	3.399529225602294
2684	3260	3.487452768714055
2684	994	3.8314350604304024
2684	1673	3.7846683933937846
2684	235	3.518807648780142
2684	1885	3.514325784999694
2684	296	4.050705311933732
2684	1120	3.3576492425764357
2684	608	4.230588107244048
2684	475	3.59159712631758
2684	1354	3.568452208914336
2684	1357	3.520879457656757
2684	1358	3.86215222437963
2684	1397	3.307025682318347
2684	2357	3.9147778443977734
2684	1704	3.6938887131124996
2684	1719	3.839053037768623
2684	1734	3.546963600396282
2684	314	3.5102185595805926
2684	318	4.074164662473796
2684	337	3.624600522392722
2684	345	3.5758011024805287
2684	32	3.6410724094941145
2684	36	3.663529992255746
2684	1041	3.7802835107007495
2684	1060	3.654827355654952
2684	1213	4.104409965069115
2684	2966	3.748389291902765
2688	3948	3.478101950220939
2688	1136	4.131477696956012
2688	3897	4.037206074945125
2688	1393	3.627417294464882
2688	3578	4.482176276821189
2688	47	3.9431565172732186
2781	1249	4.319271199362468
2781	6	4.268521076785482
2781	3947	3.7510477013797625
2781	1407	3.9616126677232004
2781	1266	4.383352510478668
2781	590	4.30765805779481
2781	599	4.408478529040755
2781	3018	3.918942110316836
2781	2076	4.109682883724993
2781	1283	4.433164627904446
2781	1284	4.582972487309818
2781	3044	4.222193957632212
2781	910	4.5848148469819
2781	1459	3.6915322484905184
2781	2288	4.040647892720078
2781	2441	3.5271172870891325
2781	1645	3.8577389183975996
2781	2478	3.464356127749017
2781	2628	3.7363951971847706
2781	2648	4.34285036618127
2781	3462	4.5314093008577725
2781	3476	3.8736505694829386
2781	3479	4.007484956624841
2781	260	4.94636305997916
2781	3627	3.866594502228977
2781	1889	4.226858114507479
2781	1892	3.700030050994647
2781	3499	4.259104164909422
2781	458	3.5437613948717837
2781	2872	4.181933933412067
2781	628	4.212345476055107
2781	2100	3.7886318187659693
2781	1321	4.111647030384911
2781	2140	4.040129912422161
2781	1345	3.9247025875707098
2781	1348	4.3286666232294175
2781	3897	4.576131346140608
2781	2159	3.9199285829881054
2781	2161	3.9388594020175876
2781	1361	4.591393557756185
2781	2173	3.780087191076829
2781	1387	4.352041862370582
2781	2193	3.857789676165298
2781	2525	2.618324443174726
2781	1589	3.7387547347737096
2781	1732	4.084672591207651
2781	3504	4.3131377063787335
2781	3362	4.281425220668266
2781	3365	4.378779922890177
2781	2583	3.947525269176117
2781	3535	3.5117260103100296
2781	3706	3.746398901679002
2781	350	3.7612450488384863
2781	1967	4.034969156226691
2781	2917	4.409670888230195
2781	3576	4.039049736897589
2781	1982	4.053568820559712
2781	2788	4.449173262997141
2781	377	3.93706882406608
2781	1994	4.060272421736117
2781	2797	4.244352824461924
2781	1997	4.372201752940481
2781	1201	4.3896590345839845
2781	2012	3.76930074982588
2781	1212	4.742346678693552
2781	1215	4.155838958184623
2781	1227	4.177329084942768
2781	2968	3.944102468092237
2781	553	4.207150458712088
2781	1230	4.257231188004156
2781	1097	4.304486639658712
2781	3920	4.0317942988410636
2781	1244	4.411320368965241
2781	714	4.158243435512039
2784	2987	3.920470275121986
2784	3949	4.41278014613278
2784	3683	4.364205219576192
2784	3706	3.6627588134697597
2784	3911	4.384618081312172
2786	3952	4.003114475364433
2786	3481	4.1292986986164895
2786	3301	3.6111778302650235
2786	3536	3.90394473385578
2786	3555	3.878125538617515
2786	3578	4.674656645084124
2786	3753	4.181900870568711
2786	3911	4.469115896712964
2793	3020	4.315477083050305
2793	903	4.50981750938426
2793	3082	3.458088547652872
2793	3257	3.321475900526694
2793	996	3.593064883718369
2793	1676	3.9907654449801435
2793	3424	4.693616807366677
2793	1876	3.67008155047128
2793	288	4.009470092248388
2793	442	3.514683521248786
2793	459	3.446123284991127
2793	474	4.537643770109473
2793	1320	3.7213194928252813
2793	3107	3.637167650244561
2793	2183	4.3308222533651834
2793	2334	3.4945717545994666
2793	1590	2.921861908587561
2793	1597	4.198523221822579
2793	145	3.8824577647899816
2793	1769	3.8866166205751003
2793	153	2.9548198499033123
2793	2723	3.6371070188453074
2793	3705	2.98804253789892
2793	504	3.4823616948634175
2793	368	4.1608168860523636
2793	2002	4.015295669804166
2802	3098	3.6306723304418806
2802	3099	2.9039074176699806
2802	2640	3.163814827178153
2802	3471	3.680440259883785
2802	2176	3.7302968721475405
2803	1252	4.284372982269201
2803	2065	3.480504376736802
2803	1294	4.047448278027543
2803	908	4.259085215605354
2803	919	4.017236128616181
2803	3067	3.6831089545539135
2803	2859	4.112053802238148
2803	3819	3.8251949908170917
2803	1300	3.9536006387947067
2803	2502	3.494199041034869
2803	3359	3.9090496224846403
2803	318	4.421084699030704
2803	3551	3.7679387162578037
2803	1230	4.058600624929278
2803	1231	4.0590182804496
2803	2973	3.9601081939066187
2803	2985	3.2903760863511895
2803	1247	4.209860508420792
2806	2762	3.8635309120065844
2808	3793	4.34335276026742
2808	587	3.896480556425086
2808	589	4.464429801200803
2808	3948	4.059181408847828
2808	3949	4.652646131220255
2808	733	4.263115542979247
2808	1270	4.397646438057491
2808	1287	4.543875959281892
2808	903	4.676843678418213
2808	904	4.872610877686248
2808	2094	3.519219618270899
2808	1299	4.60290288651079
2808	2245	3.803201107852479
2808	910	4.70345613804081
2808	780	3.9845864627896392
2808	2409	3.6193384928467998
2808	1635	4.165555312317454
2808	2448	2.7379719448958295
2808	2600	3.65436166561525
2808	1676	3.6351619403779503
2808	2628	3.919602186282036
2808	1831	2.9833136985102757
2808	1690	3.263388425674488
2808	2641	3.6130584616730053
2808	2642	2.715776591828751
2808	2643	2.276571239648409
2808	2660	4.389007265971862
2808	2808	2.9386751309320025
2808	480	4.174075849120918
2808	1173	3.7313878267408414
2808	1356	4.3007298342972025
2808	1372	3.923623878177645
2808	1527	4.123177203924435
2808	866	4.20816023205708
2808	1573	3.808854253983963
2808	1580	4.1507561298955755
2808	3190	2.575272257307556
2808	1748	4.261738923150667
2808	3354	3.013914567634688
2808	1779	3.0275154857208757
2808	3527	4.122717716698726
2808	316	3.9501683938792564
2808	172	2.9728931509747367
2808	173	2.7042877241048977
2808	329	3.8993577334840612
2808	185	3.230995293816134
2808	196	3.231446574135883
2808	198	3.6340446159616815
2808	1954	4.3746213874815565
2808	1958	3.898524072582035
2808	3701	3.658963930806687
2808	1037	3.0589998257767155
2808	3593	2.067457702002294
2808	1200	4.500150545262023
2808	1203	4.690553089582018
2808	3745	3.834704230538778
2808	2012	3.6372208751028197
2808	1210	4.615751921583166
2808	3910	4.271399001331164
2808	3911	4.556638821024303
2808	708	3.8114466427938964
2809	587	4.170713206170455
2809	2243	4.3479745297646115
2809	910	4.909437475149641
2809	2409	3.7939552914769594
2809	2410	3.4889707088021416
2809	2411	3.3304978295585497
2809	2412	2.8326244454935985
2809	1617	4.863920067141604
2809	951	4.89582433292524
2809	2470	4.1180964146218075
2809	2643	2.547412900052407
2809	3471	4.666973413977
2809	435	3.3046819848844105
2809	608	4.842106052227705
2809	3868	4.417074572879816
2809	836	3.2720353454235966
2809	1517	4.336134560532217
2809	858	5.012136422033685
2809	1396	4.359201008398059
2809	3358	4.333599685491398
2809	140	3.807935293941306
2809	3526	4.423163217716462
2809	1954	4.5564195814110136
2809	357	4.426381739001761
2809	371	3.8160485330041514
2809	50	5.1244145637122935
2809	2000	4.594807841174967
2809	3911	4.8146352345565475
2814	3618	3.9167235558380367
2814	3623	3.864534389164362
2814	3624	4.284117986942292
2814	3513	3.9123845650107523
2814	3578	4.610024991029574
2814	3751	4.23852802434273
2814	3753	4.533587938885099
2814	3755	3.891665112905887
2820	3273	2.369208509173035
2820	3285	2.441914537244769
2820	3298	3.074955976108051
2820	3863	2.973931522662077
2820	3160	3.504068757663512
2820	2599	4.2568105802041565
2828	1288	4.465469912219919
2828	3717	3.268647542924957
2841	2259	3.332611346481684
2841	1480	3.9291550951609144
2841	3088	4.634799702714033
2841	3886	3.486888717183558
2841	2349	4.0792368854434375
2841	2502	4.145700728769495
2841	3910	4.482980401668211
2859	1617	4.711435089037166
2868	2987	3.4450984803214686
2868	2997	4.142806908181795
2868	593	4.638174799551124
2868	912	4.66151458857265
2868	913	4.583828396590548
2868	1617	4.348251969038617
2868	3081	3.4496933615605374
2868	1635	4.027488006531694
2868	2605	3.188222818615118
2868	3285	2.7251366576034215
2868	223	3.8690163259320327
2868	3623	3.015086356489774
2868	3483	3.198460227815666
2868	2694	3.1491008206339006
2868	296	4.350133140416203
2868	2858	4.175509423807021
2868	3830	3.1328648303172697
2868	3831	3.7677084342793132
2868	2893	2.836259542619549
2868	1327	3.0196641402926385
2868	1198	4.396942654226115
2868	2147	2.64237039555983
2868	3114	4.159018505346479
2868	2188	2.8380571442714837
2868	2336	4.1086160519905475
2868	2355	3.8713184546719415
2868	2502	3.6377434055546694
2868	2369	2.9465051924667995
2868	3176	3.557667139171886
2868	3186	3.651735607714393
2868	2396	4.320229454859401
2868	2701	2.3170006133844483
2868	2710	3.1662809832385603
2868	2716	3.706962031008152
2868	2581	3.347525336884903
2868	318	4.553351146064982
2868	2734	3.3666065393027855
2868	2598	3.0125223792525206
2868	2906	2.4032196066823546
2868	2907	2.5786014606483527
2868	2761	4.07031578941482
2868	3565	3.4398619448668377
2868	2763	3.683168032085307
2868	3578	4.360550538327772
2868	43	3.6326474064491614
2868	1982	3.7341718729503004
2868	50	4.6923306651645245
2868	3753	3.416026395017612
2868	2959	3.884411778523203
2868	2028	4.711960904704379
2868	1238	4.095648485064062
2868	1093	3.436563813154331
2878	3105	3.8314985813036815
2878	3317	4.135283004627108
2878	2708	3.9486395905862075
2878	3578	4.156397609448461
2880	1252	3.8954850864102593
2880	1259	3.688259993423709
2880	588	3.331732322884178
2880	589	3.553762221067906
2880	1	3.6588542196202636
2880	3948	3.214456810525082
2880	2065	3.1821181837289374
2880	1263	3.6438723441992584
2880	1265	3.7284561680680413
2880	733	3.261064120046947
2880	590	3.6332935015768126
2880	592	3.327431022122971
2880	1272	3.8739551385141615
2880	2076	3.340323445770446
2880	1274	3.5737022968158882
2880	1278	3.8331200549158204
2880	1280	3.73318801911284
2880	750	4.014264839470596
2880	1285	3.3747979354986297
2880	1288	3.81754641864923
2880	3033	2.9892554288419464
2880	903	3.8895313215353906
2880	904	4.093877239544114
2880	1294	3.760369746317628
2880	908	3.99861071742653
2880	1297	3.284294234701158
2880	2248	3.6023316875667453
2880	913	4.005825608566338
2880	1449	3.7486409248182326
2880	919	3.785042611826419
2880	778	3.61614914189542
2880	3052	3.3086051185124528
2880	923	4.0408179607604
2880	924	3.6042189083601186
2880	780	3.078364058288395
2880	3201	3.526215784877742
2880	3067	3.434171637998744
2880	3210	3.371330602405789
2880	1610	3.6161646819591344
2880	2413	2.8260319664762172
2880	3070	2.9384825221496667
2880	2275	2.9231495010712116
2880	942	3.7741784071777458
2880	1625	3.471408049141338
2880	2282	3.036824411042743
2880	2289	3.5478203337923433
2880	2291	3.3699837620977204
2880	1641	3.3787740197634086
2880	3253	3.2047181931832194
2880	1653	3.283968887167933
2880	3262	2.5152517855980174
2880	3265	3.692527747982814
2880	3266	3.212367661781055
2880	3418	3.29173562674324
2880	2616	2.298183705227854
2880	2470	3.1265440634982036
2880	1676	2.7049221102822316
2880	208	2.292871263484352
2880	3421	3.6384428522157113
2880	3424	3.486459278614
2880	2628	3.2360157286799414
2880	2483	2.6216554199300637
2880	3448	3.35409502884065
2880	235	3.2669206414118617
2880	2657	2.973630659572686
2880	247	3.4321853772950774
2880	3461	3.178654997394914
2880	3608	2.9117823112786114
2880	3468	3.8180021469539462
2880	260	4.071347235469803
2880	3481	3.597963498035896
2880	288	2.8109939881309467
2880	434	2.633292798753628
2880	293	3.728834787992738
2880	296	3.90837632025146
2880	2858	3.788815300787732
2880	441	3.310610643370955
2880	3809	3.040745119856021
2880	3671	3.6460286532346906
2880	3819	3.56988841636088
2880	3675	3.4971107230902527
2880	3676	2.9631831880209125
2880	1136	3.9757593726910674
2880	2877	2.6171899572733945
2880	3683	3.809908448244952
2880	471	3.320746002925291
2880	474	3.341820809795867
2880	3698	2.7332419318240633
2880	480	3.352428467188762
2880	1302	3.552134994028195
2880	2105	2.904198136131495
2880	2108	3.357637008640741
2880	2109	3.3936140492292504
2880	2110	2.8474836415246987
2880	2117	3.298868232273297
2880	1172	3.9059298933638043
2880	1175	3.6077447821940654
2880	1320	2.6018819788624703
2880	2124	2.668859344860513
2880	3868	3.3213554223519988
2880	1188	3.499543981178099
2880	1193	3.9511310568695523
2880	1196	3.985616243159672
2880	1197	4.127848088892749
2880	1198	4.147558594653936
2880	1199	3.6851139368854215
2880	2140	3.2575544184276373
2880	3882	2.83148968945055
2880	2144	3.2158175122537997
2880	2145	2.9024398756012615
2880	3889	1.9699600953146061
2880	3893	3.1040101524469677
2880	1354	3.3186839382516515
2880	3897	3.861181355592074
2880	2300	3.6925029229771202
2880	2302	3.355599113657056
2880	1500	3.4382904283165607
2880	2303	3.44549548581473
2880	3108	3.2216941667779277
2880	1370	3.140035780562546
2880	1517	3.371708276494727
2880	2174	3.257865050984397
2880	1372	3.021675429707396
2880	1374	3.5648398703175395
2880	1375	3.0009624650868987
2880	1376	3.3014521501742298
2880	1377	2.668774892175696
2880	2321	3.287940809991916
2880	2324	4.015869016828306
2880	1380	3.0841168507344356
2880	1527	3.229450496995896
2880	858	3.960087924867388
2880	1535	3.053491285079915
2880	1396	3.339878502902189
2880	1544	2.567515180765097
2880	2352	3.4581244650852545
2880	2359	3.4664253098136815
2880	2361	2.78267824054343
2880	899	3.860976217690566
2880	1573	2.771728991746144
2880	2528	3.0819859444878364
2880	1580	3.510419531759935
2880	110	3.9293157386580124
2880	2529	3.3256336025346047
2880	111	3.70618226420347
2880	112	2.9829447555213484
2880	1584	3.3947992115878316
2880	2533	2.623795655302777
2880	1732	3.464838288464427
2880	2542	3.450856456221008
2880	145	2.8427497550872958
2880	3504	3.5738167952041238
2880	3361	3.3994967762484203
2880	3363	3.6157480502709114
2880	153	2.2778402689648316
2880	2571	3.754926792843401
2880	1777	3.0696493788809445
2880	165	3.1779679011701623
2880	3521	3.5154956973845426
2880	3526	3.3146441127921054
2880	1923	3.440685293435606
2880	2736	2.9823432770231744
2880	3396	3.47943352992703
2880	3397	3.3272046792562433
2880	327	2.224534290287874
2880	2746	2.8513222023407225
2880	3549	3.4188119441895015
2880	1947	3.6896206958102318
2880	334	3.345228315932361
2880	342	3.1961156343746366
2880	21	3.238479535619364
2880	25	3.1809300702802203
2880	348	3.2188186519884767
2880	29	3.6537708619595586
2880	3702	3.3462541222372715
2880	3703	3.3239696045751987
2880	3704	2.7851683709089325
2880	1965	3.2067669377135664
2880	1028	3.4868687326921
2880	1968	3.460123260260418
2880	353	3.082962904902725
2880	32	3.6485435226907237
2880	357	3.3540852631310507
2880	39	3.0478217374800867
2880	2915	3.1989315677692147
2880	2916	3.339233565966968
2880	1032	3.2800738258137634
2880	2918	3.757969642019312
2880	3578	3.6601709049748496
2880	2924	3.4494101148193357
2880	2926	2.887271004043073
2880	1041	3.554412447387383
2880	1047	3.057534804403598
2880	52	3.1961827268202074
2880	2791	3.5696958114937236
2880	522	3.1894547219086395
2880	3598	3.0156783401198113
2880	380	3.2448196996837244
2880	527	4.1413596085996485
2880	3740	3.033393228691846
2880	1200	3.7844484729814956
2880	3742	3.528888375180769
2880	2005	3.1167673845068244
2880	2006	3.1368623393569286
2880	1205	3.060074549623783
2880	1206	3.698515475865475
2880	1060	3.4795397798301093
2880	2009	3.111441935642673
2880	1208	3.818082072170351
2880	2011	3.0782338707962946
2880	2012	2.934185491036041
2880	3754	2.054990571907422
2880	1213	3.829237318565168
2880	1214	3.756054474831106
2880	1215	3.3934192881653105
2880	2019	4.1458665215370445
2880	1217	3.8233260490954244
2880	1073	3.469626835521953
2880	541	3.7405419639274546
2880	1077	3.528227513004025
2880	1079	3.5985772075603113
2880	2020	3.5199503402895798
2880	3760	3.119568250743416
2880	1220	3.6543114755600987
2880	1222	3.7075997405995382
2880	1225	3.749411380418328
2880	1080	3.5790346809729474
2880	1228	3.744954137913502
2880	1086	3.6634041966560664
2880	1230	3.708120502946875
2880	1233	3.8830750464835235
2880	1234	3.96243787033745
2880	1235	3.7577151933460393
2880	1090	3.6480084762059293
2880	1237	3.8136611956719517
2880	1092	3.082727736076839
2880	1095	3.435473965123136
2880	708	3.021877561961123
2880	1097	3.485685292861908
2880	1240	3.6519962053075794
2880	1243	3.5140117456626494
2880	2985	3.0496179459004558
2895	3949	4.40827061448197
2895	3825	2.8717083149403053
2895	3859	4.084155460650096
2895	3865	3.565942058294425
2895	3556	3.7818753384534745
2895	3906	3.4074745699199385
2895	3911	4.2411561908417355
2895	3914	3.5828263696816927
2898	3949	4.416751750439294
2898	3897	4.4291791140678125
2903	3210	4.496836970677149
2903	2724	3.752351486215352
2903	1092	4.219436691404449
2907	904	4.066701948236461
2907	3286	2.470604182330618
2907	240	3.0374826844877174
2907	2803	3.7242250415707314
2907	1887	2.586034603869814
2907	1888	3.0513194233411345
2907	480	4.708543735690994
2907	3114	3.9046727427514103
2907	2505	3.0070569138877996
2907	1962	3.7299864456735237
2907	3901	2.4717421670016306
2926	3882	2.886183841570788
2969	3949	4.539613342603662
2969	3235	3.2639027118728388
2969	2617	3.682702505977628
2969	216	3.6327108803060177
2969	3821	2.9391752201896852
2969	1371	3.6401094126422233
2969	1372	3.914574098382409
2969	1373	3.2642236426580515
2969	1374	4.39871556024385
2969	1375	3.8255519000224933
2969	1376	4.123985280254607
2980	587	3.2567684540672013
2980	1262	4.079293940954801
2980	733	3.480801337307422
2980	2245	3.1924628753348485
2980	2617	2.891709069815615
2980	2496	3.03851649325303
2980	2640	3.226230912790281
2980	2641	2.8923473029753413
2980	3468	3.938965002647792
2980	260	4.03368195916382
2980	3623	2.8522570700366803
2980	3624	3.314045400386975
2980	3483	2.878562833049738
2980	647	3.262489609757837
2980	3863	3.002991521988875
2980	3127	3.0200727410189563
2980	3129	3.3904031282625704
2980	2183	3.6934296493335608
2980	858	4.146929806496422
2980	3163	3.374457465043868
2980	3179	3.16201499623035
2980	3181	3.456533963575975
2980	3185	3.1554223517349804
2980	1927	3.9312801365398378
2980	3555	3.351222468712499
2980	1954	3.6714171117187595
2980	2761	3.747922379095825
2980	2762	3.9082906880287513
2980	353	3.1157732721637754
2980	1221	3.944464949415339
2980	3916	3.654902329727788
2980	1094	3.5178619679662755
2980	1244	3.8545681853454363
2986	573	3.334529734630597
2986	1257	3.816583596693466
2986	3006	3.89609806767292
2986	1407	3.566510832144463
2986	3949	4.240224618788427
2986	909	3.9518459666924284
2986	2409	3.0562587537086885
2986	2412	2.021320610785285
2986	1480	3.3412530018148003
2986	1482	3.2266815739055206
2986	2442	3.820931553380192
2986	2443	3.581940795472146
2986	3249	2.9885752992807015
2986	1651	3.0483259956755755
2986	1660	3.4813601973065014
2986	1666	2.837104184238564
2986	3424	3.721426264096838
2986	229	3.4081432531941163
2986	247	3.694720745874522
2986	3471	3.931269243406322
2986	2829	2.884243672768034
2986	2836	3.167113683499485
2986	290	3.8283682937708274
2986	440	3.7385960406920855
2986	3825	2.7074735732235973
2986	2890	3.915407519102609
2986	2894	2.7709245569227168
2986	647	3.4188501646489144
2986	1365	3.7543136885770716
2986	3115	3.179840147109383
2986	2329	4.1532021811252395
2986	2331	3.151441907388321
2986	3147	3.9305310553305404
2986	2347	3.739364849412727
2986	2355	3.8843976145610677
2986	1567	3.255819777121126
2986	3179	3.344916331092891
2986	3187	3.3082222369190033
2986	1759	3.7764629360480266
2986	2702	3.075890377727733
2986	3510	3.5345526313382343
2986	1785	3.304737024314505
2986	352	3.015297502653269
2986	506	3.3872416789625994
2986	373	3.7049301013215707
2986	58	4.15619863547708
2986	539	3.6922656930122306
3012	2640	3.043420259177696
3012	2642	1.6320271465192921
3013	2253	2.45575649192613
3013	940	4.026855666787851
3013	3243	2.661802782481167
3013	3247	3.515654960057871
3013	1643	3.9253607378156214
3013	1665	2.804770557676919
3013	1839	2.4009347728081725
3013	1855	2.558385451515206
3013	2683	3.1013429846638645
3013	419	2.252592533934331
3013	432	2.544562797169669
3013	466	2.827208282023559
3013	3869	3.1740173906146185
3013	801	3.2159093375619703
3013	2152	2.2654053143410064
3013	1353	3.287916129212126
3013	1359	2.521024952147941
3013	3108	3.7489000199666687
3013	691	3.169891727335615
3013	2312	3.8246278528853583
3013	1517	3.76835738857294
3013	1526	2.6652088708607833
3013	2352	3.931118904036034
3013	2354	2.8681708718285424
3013	2501	4.175990352966946
3013	1707	2.1354021405904704
3013	1588	3.287007642443922
3013	1592	2.5712832916425845
3013	141	3.593408904498093
3013	3502	3.570043254470567
3013	1784	3.898729779094458
3013	19	2.6022763268009586
3013	344	3.121068142604878
3013	1022	4.077685844062873
3013	38	2.8570024035006143
3013	39	3.837200292693055
3013	2791	3.955779863922152
3013	539	4.325198407632814
3013	2015	3.546452229082371
3013	2953	2.584969669853535
3013	703	2.4255516245581514
3013	2042	2.745458177620369
3017	3948	3.2501471734771537
3017	2724	2.8651039381938537
3017	2581	2.9170793126685224
3017	3755	3.084852080481365
3018	3827	3.5846751723942294
3018	3897	4.278434066757007
3018	3536	3.858978371066875
3018	2599	4.080168476500374
3018	2770	3.543524552160511
3018	3916	4.049196837110737
3018	3784	3.3841059348514086
3041	3950	3.2968100956304536
3041	3897	4.173233863987497
3041	3317	3.9270487432883487
3041	2710	2.9433161844065743
3041	2769	3.1966521411721436
3041	3916	3.8247737237152637
3051	3943	2.5871827255900337
3051	3409	3.213021904568789
3051	2692	4.132444730031863
3051	3698	3.296717710087885
3051	2324	4.1273004633460815
3051	2355	3.685551907580781
3051	3300	3.081029643498534
3051	3354	2.434380547515456
3051	1060	3.7448334449711296
3058	1276	4.016500655578739
3058	1278	3.8083384213637563
3058	908	4.281331766918906
3058	3255	3.4342807307576377
3058	3418	3.4239268703771804
3058	3421	4.002578099164929
3058	1895	3.0907535162160262
3058	457	3.763057352662675
3058	474	3.5589398328036665
3058	3897	4.059775078834507
3058	2194	3.8416978943825337
3058	2706	3.8491706060130424
3058	1923	4.015269969879559
3058	3535	2.8378087166701564
3058	180	3.518992760095704
3058	11	3.7200801387374822
3058	356	4.067611245753407
3058	69	3.461262259076432
3058	1214	3.685196498118597
3058	1219	4.019285116920816
3058	1226	3.8692063612021736
3074	3408	4.606785542414208
3074	3275	4.217372084596229
3074	3457	3.6862529981422383
3074	3827	4.090038664033099
3074	3831	4.264305632943867
3074	3897	4.891356566558357
3074	2501	4.712771484857463
3074	3316	3.4342358353532374
3074	3317	4.551557204801969
3074	3325	2.9165872142207268
3074	3185	3.9780166821220284
3074	3198	4.696925651085992
3074	3512	4.309554961328108
3074	2766	4.244190513999233
3074	3720	4.160946206042602
3074	3580	3.649823503169422
3074	3746	4.403162823380847
3074	3747	4.314352354595959
3074	534	4.419804846530519
3074	3915	4.022205591635634
3078	1252	4.209214790535775
3078	904	4.370825737495344
3078	1952	3.92872971108876
3078	3741	3.933078317923198
3078	1204	4.252533971994947
3078	1221	4.342741369505988
3093	3827	3.5800334986049704
3093	3720	3.663407348833027
3096	3798	4.088091180071751
3096	587	4.186234641964514
3096	3	3.7430247958507876
3096	1408	4.412222559346671
3096	1409	3.7045782819364748
3096	1265	4.571002846657907
3096	736	3.737472775132642
3096	2424	4.0111220753067744
3096	3257	3.4489708688175953
3096	3408	4.51751467062445
3096	207	3.7783083032337004
3096	3299	2.894284261714904
3096	236	3.926975517323765
3096	2671	4.362999362746582
3096	2672	3.7380340651824104
3096	3623	4.056699645989941
3096	3646	3.125915657637609
3096	440	4.428816818664674
3096	605	4.002073710683096
3096	3824	2.83517873514372
3096	802	4.208899875706647
3096	1353	3.7242333447492224
3096	2316	3.5962429864382033
3096	3155	4.010997677627606
3096	1569	3.999425916308392
3096	1721	4.5445374859391485
3096	3190	2.830010842334562
3096	2396	4.682048109277903
3096	2724	3.7772000335789295
3096	3528	3.882474133457098
3096	3536	4.342869693362964
3096	11	4.459051228514347
3096	339	4.10316386545962
3096	3705	3.180837209809805
3096	356	4.777922040143351
3096	357	4.342720007604469
3096	539	4.40883077531328
3106	3949	4.353242715329727
3106	1416	3.3011939324412842
3106	2769	3.370394653799917
3113	3317	4.362113953887602
3125	2991	3.6910806129668527
3125	2993	3.7351781137231232
3125	586	3.2719038174977046
3125	588	3.902955132380318
3125	5	3.037193819615335
3125	6	3.72251854677486
3125	1407	3.8160677449745792
3125	1408	3.907476183879225
3125	1265	4.023387346854803
3125	1266	4.132154572158687
3125	590	3.961907643869919
3125	593	4.26917254571123
3125	595	4.004723865513498
3125	597	3.6611552232572526
3125	1416	3.3255695507239103
3125	1270	3.9770711225579816
3125	1271	3.81956795176323
3125	3039	3.9348123629859995
3125	2094	3.215229340284546
3125	1293	4.1981149928854595
3125	910	4.335712172111317
3125	780	3.4652300698272804
3125	2401	3.860705128929724
3125	1608	3.694580668155085
3125	1466	3.8074968675358307
3125	1610	4.133702102384649
3125	2424	3.4394815497117404
3125	3082	3.447255173998871
3125	2427	3.290271387656416
3125	2289	3.8800364114092454
3125	2431	3.268466205316318
3125	1639	3.8302222630988463
3125	1641	4.062651352029891
3125	3246	3.93944374089601
3125	3247	3.2375650113091954
3125	3255	3.798639729135169
3125	3256	3.8526530244411443
3125	3259	3.443813741420888
3125	1801	3.09353268935719
3125	2467	3.926821816901808
3125	3418	3.736769746325536
3125	1672	3.6483057365588936
3125	1676	3.2522890604919574
3125	3421	4.268866489802952
3125	1682	3.8551764928212795
3125	216	3.3739491465657676
3125	1834	3.9913279879668253
3125	1693	3.7820028424548693
3125	224	3.385851748282674
3125	225	3.18845054040952
3125	3448	3.775643515344138
3125	266	3.445129536479365
3125	410	2.8844696180121447
3125	1885	3.7087483736390556
3125	272	3.743137751144957
3125	3633	3.5501738303179393
3125	428	3.9541517485631283
3125	457	4.129619026626689
3125	1136	4.466534873671499
3125	2881	3.231994213311057
3125	2883	3.6342946258566093
3125	474	3.864496877730579
3125	475	3.900270288027447
3125	2890	3.8482143709306027
3125	480	3.7182003989017582
3125	1302	3.971266527961722
3125	1303	4.145081976830474
3125	1304	4.229617899204729
3125	494	3.3453625148356654
3125	2115	3.7678921269787655
3125	1179	3.805280102016637
3125	647	3.5864311253690295
3125	648	3.448504390506043
3125	2124	3.214770944538181
3125	1183	3.752408681791089
3125	1185	4.019379728113938
3125	802	3.5778970260202243
3125	805	3.7264656185019387
3125	1356	3.833274679209462
3125	3102	3.6843526973570744
3125	3104	3.9515463686837324
3125	1500	3.928794774527312
3125	3108	3.7123879933067077
3125	2167	3.6797937709609845
3125	838	3.8747349224007257
3125	1370	3.592358774269474
3125	1517	3.8897655818478856
3125	1372	3.503524477700432
3125	1376	3.729553138476275
3125	2321	3.7029349260312645
3125	852	3.3337422372127357
3125	1393	3.843189436364069
3125	2340	3.3714804170868597
3125	3147	4.333311747149817
3125	2353	3.6794758877345974
3125	2359	3.969600184082573
3125	2501	4.116400122933905
3125	1704	4.30051177410204
3125	1569	3.5082169302218937
3125	1573	3.4912531952084467
3125	1721	3.939213139498998
3125	1722	3.482352351974581
3125	1729	3.6765303414597725
3125	1584	3.7156459360941674
3125	1586	3.013670317356185
3125	2391	3.754320614383933
3125	2393	3.38032519497471
3125	141	3.5885788341579574
3125	144	3.396214726992547
3125	3361	3.9693846721978185
3125	1909	3.6089993165499097
3125	2567	3.2736782335493855
3125	150	4.17703672326802
3125	300	3.7267840942783748
3125	1777	3.664079063257767
3125	161	3.698341958336758
3125	165	3.594739841679844
3125	1923	3.9958879820783006
3125	2728	4.016459946144063
3125	3386	3.7645606742773485
3125	1784	4.135111753616577
3125	1931	4.07794212469515
3125	1797	4.055762789022409
3125	10	3.689899589567306
3125	11	3.8841818528023433
3125	1954	3.9330156468313833
3125	342	3.7219618894305486
3125	21	3.7304138962270144
3125	1962	3.9528820086985546
3125	32	3.978723284984157
3125	357	3.783534968658738
3125	2916	3.683317965832799
3125	500	3.473885535013727
3125	1036	4.091026293622205
3125	361	3.495836407732345
3125	508	3.945009748146412
3125	364	3.805212605306252
3125	367	3.5300687815526715
3125	47	4.058799560341381
3125	515	3.9077624076572484
3125	370	2.9270328359257274
3125	377	3.668578127971588
3125	520	3.005103061995827
3125	62	3.791132371039289
3125	2000	3.9822413569305857
3125	1200	4.067775219591358
3125	2006	3.6470632791925723
3125	1060	3.968129458990287
3125	2947	3.962191175151713
3125	2948	3.8959334603892812
3125	2949	3.9727077871623333
3125	2012	3.3734393230958353
3125	1210	4.428350697720986
3125	1213	4.266981131810842
3125	1219	4.172834715728129
3125	1073	3.881073300237106
3125	543	3.438436171847325
3125	2020	4.092536323981637
3125	1080	4.035218457377754
3125	553	3.949137890239441
3125	1089	4.234877863168879
3125	95	2.944827324029615
3125	1092	3.639867594133224
3125	1094	3.775346538072965
3125	708	3.5000160377349427
3125	1240	4.193693146316189
3125	1242	4.309859872678932
3125	1246	4.053200131117987
3125	1247	4.212194363418192
3156	3948	3.629919317058352
3156	3827	3.3390531516273865
3156	3852	3.615308081335173
3156	3897	4.07387938209229
3156	3911	4.026560770372908
3158	1250	4.525503401386342
3158	720	4.594248698640298
3158	587	3.399951689844791
3158	3000	4.334255094616536
3158	2	3.197519621039956
3158	3949	4.402067468502328
3158	1262	4.474177039658301
3158	592	3.876374806539656
3158	595	4.071212797321131
3158	1270	3.7426793662151674
3158	2075	3.6525928096785156
3158	1275	4.00552436778581
3158	1278	4.338738525503707
3158	1425	3.468067003438346
3158	1282	4.139621128686383
3158	1291	4.226614737951872
3158	1298	3.767030135666548
3158	3053	3.131587334278988
3158	784	2.962222374470749
3158	799	3.4101209805265107
3158	2273	3.627557603197682
3158	1617	4.58749595201466
3158	2424	3.4672308957100806
3158	3081	3.646187086417244
3158	2431	3.1652217930895454
3158	3238	2.225937621904187
3158	1635	3.9277214196877797
3158	1639	3.900839915302271
3158	2296	2.56272295090484
3158	1641	4.071751320548351
3158	1658	3.197041795160666
3158	3261	3.6265650904685045
3158	2467	4.049522541881267
3158	2617	3.188334441092168
3158	2478	3.29217935280925
3158	3429	4.450639538988005
3158	2628	3.5330913415244507
3158	1682	4.0286282330454615
3158	2640	3.460744268278779
3158	249	3.8861017150759247
3158	3608	3.4427415929294813
3158	1860	3.8070167251903646
3158	3615	3.3198331908958734
3158	2826	3.2827219847376403
3158	3483	3.2607368630896256
3158	3484	2.8314072613304915
3158	2683	3.258896442324282
3158	2686	4.058025152979977
3158	1884	3.596768382443513
3158	2693	3.9395507665417373
3158	1894	3.032049672414795
3158	282	3.2850686863036733
3158	293	4.446709859322318
3158	1126	2.503102659478556
3158	3826	2.7293565565744937
3158	475	3.919303481736372
3158	2890	3.9359584743455858
3158	1303	4.224890139961022
3158	2108	3.9160718180451264
3158	2111	3.4090370390520146
3158	2115	3.756418681059575
3158	1171	3.8508313947101116
3158	1173	3.5390891409887324
3158	640	2.767274848858029
3158	3863	3.369012950858129
3158	3868	3.853280611549137
3158	653	3.2958841058916417
3158	1190	3.6335000092716263
3158	1339	3.5255781202630976
3158	661	3.7110911069185732
3158	1197	4.43415575513505
3158	1198	4.6060422611401055
3158	2143	3.4644485875117144
3158	1343	3.837207966625266
3158	671	3.8129658292076063
3158	3105	3.8472368458155017
3158	3107	3.6182027239996435
3158	3108	3.7519933272587416
3158	2161	3.7530003670674166
3158	3113	2.7435245877230803
3158	3114	4.241782051968254
3158	2316	3.06042598105338
3158	2174	3.5846165904207807
3158	1377	3.1320162946866357
3158	2324	4.426939280062009
3158	851	3.5087331677685003
3158	2336	4.133487663958986
3158	2337	3.2834879035795193
3158	3147	4.169570914126376
3158	3148	4.0657891487057505
3158	3156	3.0102574801326303
3158	1554	3.648141323281795
3158	2359	3.9190210067119975
3158	2502	3.9867401256430823
3158	1711	3.410552370333402
3158	3317	4.088714687116173
3158	1713	3.2311594840640865
3158	3174	3.6388509814164647
3158	1573	3.537250833422241
3158	110	4.497251112769876
3158	3186	3.600056019943565
3158	2384	3.4647208609597677
3158	1590	2.6745890421253207
3158	2539	3.4899704124327133
3158	2395	3.9780310498851295
3158	2396	4.25809529108479
3158	1597	3.4853416893407125
3158	2542	4.102873908042504
3158	1747	3.5895272810875993
3158	2700	4.114642914446503
3158	3361	3.817279350910037
3158	2709	3.294497878013409
3158	150	3.997140316913312
3158	2712	3.5794521660875396
3158	1911	3.009180486213655
3158	2716	3.791875921181175
3158	306	4.405283424963206
3158	166	2.6867659913284627
3158	2720	2.2594411107935697
3158	2723	2.9957914318394274
3158	1921	3.9293760372491215
3158	3386	3.824967551049431
3158	2735	3.1018274414192657
3158	324	3.879095850599359
3158	180	3.687305847863127
3158	2599	3.999021800356971
3158	1797	4.1308098748111215
3158	184	3.6495042657335572
3158	193	2.2466616128298527
3158	1954	4.049846458932847
3158	345	3.8069898504510884
3158	3704	3.297917302789517
3158	2761	4.238312199903506
3158	2908	3.9943252466693733
3158	1961	4.11685762042589
3158	356	4.337651157921972
3158	34	4.095103840196249
3158	2916	3.6477787294308492
3158	2918	4.1826253187360045
3158	1037	2.7249537258230934
3158	508	3.8909459485690427
3158	364	3.9041200162229632
3158	62	3.7726480281825814
3158	3740	3.5868343075574463
3158	1060	4.065990078746416
3158	1209	4.165031057180262
3158	2959	4.340287947658973
3158	1079	4.099917733334658
3158	2020	4.1470452942646086
3158	2021	3.612468080426634
3158	551	4.035928270210864
3158	2033	3.321872756426469
3158	1092	3.652325762607748
3158	3785	3.096039298421458
3158	1246	4.028710720518411
3163	3798	3.6038648144473817
3163	3598	3.839390427420039
3163	3916	4.276112119907021
3177	3408	4.147120540095406
3177	236	3.5751207322094487
3177	3819	4.2858401980095255
3177	3882	3.6202518964379897
3177	3751	4.114175805065382
3178	1256	3.353413069726792
3178	581	3.0977140418971727
3178	1408	3.0730416419095077
3178	1285	2.980461418356774
3178	2406	2.6837374769086866
3178	3256	2.7139002014951066
3178	3404	2.7776800416768586
3178	235	3.0097046641724994
3178	1101	2.7198477745320946
3178	2863	3.184016534538136
3178	1307	3.1371820360274247
3178	1370	2.4929944178914836
3178	1517	3.0324701717331566
3178	2174	3.0003388993777813
3178	2193	2.7798726148109796
3178	2366	2.782577649407589
3178	110	3.415074580508294
3178	349	2.729435870369677
3178	1967	2.852754299430666
3178	34	3.124056816633063
3178	2918	3.465649522657931
3178	1036	3.3548823793171993
3178	2797	2.9974646958008773
3178	3745	2.6565237161972175
3178	2947	3.241478002589349
3178	2028	3.0884883581802125
3178	1080	3.502782647126778
3178	1233	3.545002380953688
3178	1242	3.264843399013052
3182	587	2.412686308806706
3182	3949	4.0018272895626374
3182	2412	2.466682101256256
3182	2642	2.26733880140051
3182	2643	1.800157478719558
3182	157	2.755390966766218
3182	3911	3.983503680143215
3182	3916	3.529336867808809
3196	2231	3.510788728561642
3196	3225	2.815260309682922
3196	3409	3.397564804738059
3196	3624	3.557273921230467
3196	3484	2.638190913898654
3196	3861	3.1405875187140917
3196	3882	3.3024282904495768
3196	3891	2.697813443270255
3196	3893	3.5034601545046513
3196	3325	2.2620859971214022
3196	3515	3.177607581529994
3196	3536	3.6742206706772333
3196	3752	2.948717258552709
3196	2959	3.821914736718811
3196	3785	3.068953375029702
3203	1258	4.54374558696929
3203	733	4.169524047712684
3203	1299	4.598543756509795
3203	3052	4.191731822337522
3203	3098	4.23703360746621
3203	2617	3.6211438442762987
3203	3471	4.406622795341723
3203	3860	3.6723958667154752
3203	3358	4.094753124732986
3203	3556	3.92530532030573
3203	1954	4.267119735103018
3203	1958	3.9901046586337525
3203	1206	4.506704478834298
3203	1222	4.600670131779643
3203	708	3.803098652704032
3203	3785	3.4425818732632543
3219	587	3.7788159046902203
3219	3943	2.981296295907426
3219	733	4.0228741044936855
3219	457	4.356359299339034
3219	3852	3.9134779228502365
3219	3893	3.696964343864954
3219	3897	4.395002272325328
3219	3720	3.7387467319434093
3219	3916	4.183194497163376
3224	3470	4.559666156984727
3224	2693	4.169074554182184
3224	3319	3.4589403607577687
3224	3915	3.6313242141074675
3259	589	4.324341543368722
3259	1408	4.247465518426285
3259	3104	4.268360370637299
3259	1376	4.070908349821372
3259	2193	4.2749275512053595
3259	3168	4.115763905406363
3259	112	4.008981652165909
3259	2712	3.451291028060298
3259	353	3.8517121458117005
3259	2912	3.976845491149487
3259	3578	4.104904320315201
3259	522	3.9630663763802203
3259	1200	4.464331310757943
3259	3755	3.7446086775002403
3259	1214	4.437798172701475
3259	2028	4.501908443187086
3274	587	3.2475674570013546
3274	3052	3.5546605764668344
3274	924	4.089417615383429
3274	2617	3.170575362888892
3274	3471	3.9868623676564345
3274	272	3.4859024747359384
3274	457	3.8666847081034823
3274	3863	3.011181712032217
3274	2137	3.681399594148622
3274	3510	3.61328317033648
3274	3536	3.4906944793296963
3274	3396	3.790074011301806
3274	3740	3.353999352674859
3274	1222	3.815082516181145
3274	1090	3.815337663894375
3285	3949	4.339772399547204
3285	3952	3.8196729156224913
3285	1428	3.1956277368755037
3285	3617	3.0757510035111975
3285	3827	3.5968769983627373
3285	3852	3.659081035184252
3285	3867	3.271085348161068
3285	3895	2.322843336227981
3285	3328	3.8460114567819184
3285	3184	3.294038231604619
3285	2769	3.2042035861673996
3285	3901	2.4842995364684213
3285	3911	4.251763184764546
3301	3952	3.5211021409905334
3301	3822	3.488232621005062
3301	3859	3.672120321541351
3301	3893	3.320563487786592
3301	3896	3.1012553391304802
3301	3303	3.1267412699862307
3301	3317	3.8268032065614084
3301	3328	3.5712467200681215
3301	3566	3.1136684623156636
3301	3751	3.469382115807752
3301	3903	3.3452758299710488
3312	2060	3.1616261297071397
3312	2064	3.691222229164717
3312	2080	2.8876488430612475
3312	2089	2.9663205544429068
3312	1608	3.424905276988794
3312	1610	3.7266781156465654
3312	1635	3.763478743617987
3312	2448	1.9383977596475677
3312	3252	3.2902977405834513
3312	3254	2.725955097663506
3312	3258	2.483777081014234
3312	3408	3.440459349037255
3312	3264	3.0192601066394436
3312	1690	2.2832074616978395
3312	1837	2.538915526399267
3312	3299	1.9263437482223125
3312	234	2.23511966164691
3312	2806	2.3653998385466615
3312	2672	2.754505021236134
3312	3484	2.3864983216305142
3312	410	2.5837734279406215
3312	413	2.5433376132607757
3312	1884	2.9835143928118035
3312	273	2.502670220260979
3312	2694	3.3025614007972917
3312	428	3.619795022038076
3312	2841	3.323380586463256
3312	1120	3.3466194097753204
3312	3686	3.216279119167898
3312	1320	2.5874677736117246
3312	2137	3.6572431070655007
3312	2141	3.2072334415824737
3312	2142	2.609050882788416
3312	2153	1.6849327966535625
3312	3107	3.340272430640628
3312	830	2.760865445390645
3312	3113	2.523289721355019
3312	3115	3.000964619164401
3312	1513	2.835235362483753
3312	3120	2.8305346607819857
3312	2335	3.049585673725833
3312	2502	3.2867045882774044
3312	1717	2.89631821422747
3312	1591	2.1338901683998053
3312	2558	2.6309915436063793
3312	2712	2.3105846951426434
3312	2719	2.1786161721307518
3312	1777	3.3506424500292766
3312	317	2.853097603364419
3312	174	2.1510269532629374
3312	3534	2.9889677067545155
3312	1947	3.4923282283184984
3312	193	1.6428280660067727
3312	1951	3.4728982468730134
3312	3562	2.9262387888583006
3312	2906	1.999782773826066
3312	2907	2.185495048656897
3312	1022	2.7483068688690215
3312	2770	2.596406703629409
3312	46	2.8296839347124565
3312	3594	2.953873105217637
3312	1060	3.383414752688846
3312	3753	3.1308665582596475
3312	542	2.447800439738582
3312	3916	3.7809640499000383
3312	3786	3.0952933680452017
3327	3798	3.375074364717104
3327	724	3.1164042251893442
3327	587	3.5853362829762427
3327	588	3.952116119998778
3327	3948	3.8863509912443517
3327	590	4.349615428758951
3327	745	4.627879927764794
3327	786	3.175241741889686
3327	2407	3.572293077255134
3327	1608	3.384606567140197
3327	1466	3.9723476671508196
3327	2428	2.862328422916262
3327	2605	3.3497035275910965
3327	1895	3.3187334444909746
3327	435	2.6875386999537856
3327	442	3.0701382226492786
3327	3802	2.539925241135868
3327	454	3.736838761989332
3327	1320	3.0875022790156823
3327	3863	3.4747859812300175
3327	3107	3.5878240736333504
3327	2167	3.8810599626910918
3327	836	2.73856334603454
3327	1552	3.40448017574297
3327	3301	3.6242251073615237
3327	2505	3.055466017700879
3327	1597	3.492614950827422
3327	2541	3.345425326669848
3327	145	3.403973719544705
3327	2706	4.083955517295314
3327	2707	3.6116477862159244
3327	3510	3.8315793052997296
3327	2712	3.6055825350280086
3327	2718	3.113367176134754
3327	163	3.7707212565625383
3327	165	3.7392863682428925
3327	2722	2.979523867563591
3327	1784	4.431809347638053
3327	349	3.698778382047194
3327	1968	4.083894977590236
3327	353	3.9655587749861256
3327	34	4.185959064575923
3327	36	3.947651788728612
3327	39	3.8987492606709484
3327	3717	3.2831164014375056
3327	1036	4.338499187418918
3327	3578	4.6447774324162525
3327	2793	2.867676822878714
3327	1997	4.037857870999138
3327	1208	4.526217788456829
3327	2012	3.1509706103886748
3327	2018	3.935382273869054
3327	2021	3.429339179201438
3327	95	2.9468473525356473
3327	1242	4.224291736558838
3333	3005	3.4244625989491477
3333	6	3.953575674652441
3333	3943	2.8418032079954822
3333	3949	4.377915201117217
3333	1263	4.179730575824612
3333	593	4.503287462885235
3333	3052	4.001158636967622
3333	924	4.26983686244366
3333	2268	4.025261121433281
3333	1617	4.5098221490629955
3333	3246	3.939457581858496
3333	2600	3.4220964610990903
3333	2617	3.44429113191567
3333	1673	3.872178092789456
3333	3298	3.5679848074046867
3333	3617	3.5368182444595946
3333	3471	4.175337579122252
3333	1884	3.5202136321134447
3333	296	4.914416581137919
3333	2858	4.5723687011078455
3333	441	3.8807033244504807
3333	608	4.264879648270248
3333	3827	3.4499634301609334
3333	3863	3.4073906279053783
3333	1193	4.637357674683121
3333	1196	4.205364914355547
3333	1344	3.9946922254021806
3333	3893	3.6045102821375545
3333	2329	4.401490683567425
3333	1704	4.291397318947231
3333	3317	4.04995677575081
3333	110	4.212061394433919
3333	111	4.287702692375473
3333	1730	3.724292307773698
3333	2542	3.9964905804768334
3333	1748	4.013269450250926
3333	2700	4.157158689501893
3333	2706	4.053769007146158
3333	2707	3.5730366740333266
3333	2571	4.467581400525646
3333	3535	3.4852512332794974
3333	2598	3.1055542600505244
3333	2599	3.814194491459026
3333	2769	3.355042668188762
3333	2771	2.8454722636629257
3333	3593	1.81070904149039
3333	3597	2.81043606148334
3333	1204	4.484379247841452
3333	1206	4.405296200322489
3333	1208	4.375858673995209
3333	1222	4.318974423884908
3333	2028	4.157539809653321
3333	1089	4.4222825503413405
3333	1090	4.242449055673551
3333	2976	3.217852110434808
3333	1242	4.316833149724897
3363	1258	3.806042014187277
3363	587	3.6271945656730096
3363	2268	3.8480509649347825
3363	2431	3.226095515713976
3363	3408	3.729335245897047
3363	2640	3.428360802947993
3363	457	3.8026359315555487
3363	3827	3.3643605489905233
3363	3831	3.5676348409728145
3363	3863	3.280762014567504
3363	2340	3.1604531054794194
3363	2712	3.3640329105830657
3363	1911	2.769932063876302
3363	3396	3.7688972857273244
3363	186	2.754050284333167
3363	2762	4.126931241253933
3363	3598	3.3556983926185207
3378	2053	2.5236571494489706
3378	754	3.440653723015332
3378	2420	3.753702720902673
3378	2421	3.027327577328961
3378	2422	2.392524436076128
3378	2106	3.4681130803424733
3378	310	3.2673135572904966
3378	1222	3.7839277586843942
3378	3784	3.4378152824109742
3387	3006	3.4672395204036373
3387	1464	2.81880294767152
3387	1484	3.143897333035618
3387	1694	3.249285673599933
3387	265	3.4956653127288226
3387	1885	3.153213355871781
3387	1892	2.7682345890475424
3387	2844	2.832844267343864
3387	2875	2.844496978479922
3387	1179	3.2923977715402466
3387	648	2.977051573270856
3387	800	3.510783869836488
3387	695	2.6884807825133485
3387	2360	3.742027141587522
3387	1711	2.6523549157973827
3387	1719	3.4965733333779743
3387	2575	3.5515947390414855
3387	308	3.485704095640084
3387	2583	3.138732857520986
3387	318	4.033175763364321
3387	2908	3.4805923532072836
3387	36	3.4780749163678077
3387	527	4.046098935542361
3387	562	3.3579027844375355
3391	3793	4.182821705404366
3391	2061	4.047776771804854
3391	3948	4.434932327651802
3391	2071	4.469752451009533
3391	2085	3.9585708216533733
3391	3061	4.126888191520741
3391	2262	3.6493750631043262
3391	1499	2.61637886929388
3391	3401	2.7328312826054244
3391	201	3.1126452990048596
3391	2645	3.880394364328938
3391	2662	4.246938956594467
3391	2686	4.51091066020996
3391	1317	3.7470859403108405
3391	1321	4.201090355956722
3391	3317	4.5311820447369815
3391	2706	4.181261851317
3391	1797	4.533190664261558
3391	3556	4.1219872249566345
3391	23	3.3907720977886595
3391	1021	2.9907752046802445
3391	2908	4.514128327779131
3391	3571	3.882075911763575
3391	1032	4.199019465999875
3391	3578	4.797852865651284
3391	2791	4.649800343672077
3391	2792	3.481555441415131
3391	1200	4.752735145735608
3391	2018	3.9956133009328476
3400	3468	4.732828077220353
3410	3794	3.027637160818975
3410	1258	4.471013978778912
3410	2070	3.5096980670464246
3410	3024	2.0856009375673543
3410	1285	3.6335975466416364
3410	902	3.559576186939911
3410	916	3.7834697489599693
3410	783	3.198319951476334
3410	3213	3.465937810248534
3410	3083	3.78696735501183
3410	2431	2.566194839658349
3410	2433	3.082988155163763
3410	969	3.964853065145331
3410	1643	3.51960622080211
3410	3266	3.325261747347625
3410	2626	3.101285387176159
3410	1683	3.425638625326425
3410	1699	3.3098883441124887
3410	412	3.1495101781967105
3410	3499	3.6834609133932146
3410	2883	3.1644650185424386
3410	477	3.17786248485791
3410	1315	2.9188745984659263
3410	2122	2.0170925122669208
3410	3128	3.017285280508761
3410	3141	2.6732792134910373
3410	3147	3.586466184623774
3410	3300	3.03556909087859
3410	1711	2.6086010632654015
3410	3325	1.993238281744726
3410	112	3.11682385716014
3410	2389	2.0488806463628335
3410	3190	1.8748250210312893
3410	3362	3.819163334618052
3410	3513	2.817635357500964
3410	2729	3.6087977536872713
3410	318	3.4742318302830237
3410	1936	3.4457334129119683
3410	1964	3.5634428838598438
3410	508	3.2573276524450936
3410	47	3.6402984084930994
3410	514	3.2679212006275966
3410	1203	3.924882061856112
3410	1084	3.893620395783257
3410	551	4.17380957769784
3410	2982	1.9752654939595398
3411	924	3.511164834864289
3411	1460	1.8997548580792674
3411	1617	3.9187191995879584
3411	3863	2.4250729491947247
3411	3897	3.6021503342588024
3411	1358	3.8370488050618063
3411	2311	2.645968093897263
3411	1377	2.011708113130112
3411	3317	3.237624686107193
3411	2718	2.38830261909606
3411	1917	1.5698861385762366
3411	3741	3.249120193268577
3411	1207	3.4416689620159184
3411	1219	3.3769450698173302
3411	2022	2.7956744539376825
3411	1221	3.9181935630386135
3420	2987	3.872815776873822
3420	2054	3.2131384436570722
3420	1257	4.296230031851347
3420	1258	4.4890053279888225
3420	587	3.744384572372315
3420	3948	4.025302053823955
3420	1407	3.921830837901189
3420	592	3.9057322036682494
3420	595	4.163628672998847
3420	2212	4.127230391063418
3420	1270	4.335120387853655
3420	2081	3.994818003854575
3420	1285	4.177307381515434
3420	3033	3.7303420399358034
3420	2231	3.871366336779644
3420	1290	3.8228208031768967
3420	903	4.5133188372892095
3420	904	4.684080968780501
3420	1294	4.350627241510364
3420	1296	4.3562649063136005
3420	1298	3.894925035690783
3420	1441	3.7573142665113397
3420	3052	4.19892725010182
3420	2268	4.21934979593582
3420	3210	4.279191490338423
3420	1613	3.16875745528315
3420	3072	4.054976366945252
3420	2423	3.887821495511618
3420	2427	3.798456286812993
3420	1625	4.203185565326727
3420	1483	3.1242368454521734
3420	1635	4.2059115211174545
3420	1639	4.1535877364332645
3420	1641	4.211145319834044
3420	1643	4.217151398748069
3420	1649	4.094587890182031
3420	3253	3.8707030006368504
3420	3261	3.8024327434541423
3420	1674	4.297297582097115
3420	3421	4.448446066293892
3420	2622	3.672090158430663
3420	1683	4.021247204231569
3420	2639	3.4458841789469643
3420	1694	4.088615708675066
3420	3299	2.588678576201026
3420	230	3.747086440405845
3420	2804	4.6476553907435
3420	260	4.4792352012168495
3420	2692	4.613264198505953
3420	3499	4.148437570161252
3420	1897	3.895394131786961
3420	1124	4.028153823728723
3420	2871	4.265713500199033
3420	474	4.093405447850744
3420	2890	4.067046789130486
3420	2100	3.793894070203011
3420	3843	3.1384698297774207
3420	3844	3.87576744792245
3420	1307	4.3660510243034425
3420	2114	3.9625637455863107
3420	647	3.837331336873038
3420	1189	4.521783088240395
3420	1330	3.3278801838189134
3420	2133	3.511917042774173
3420	1333	4.202869411161506
3420	1339	3.5655299705235772
3420	1193	4.690888324489727
3420	661	3.7457294998413135
3420	662	3.22815220090137
3420	1196	4.266293569662671
3420	1197	4.512669954989041
3420	1198	4.64037620137016
3420	2144	4.090813090678739
3420	1343	4.038766270377522
3420	1344	4.250147208624148
3420	1345	3.966647389923983
3420	1347	3.82217059282502
3420	3893	3.8172318584029745
3420	3897	4.541361690462858
3420	3107	3.7640920660516737
3420	2160	4.178725898610486
3420	838	4.146864206466336
3420	1517	4.013420189708856
3420	2174	3.8428797735145848
3420	848	3.670454898140731
3420	2321	4.081999019948584
3420	1380	3.9046616870977746
3420	2186	4.508017974731304
3420	858	4.864418558556863
3420	1394	4.385981401894711
3420	3145	3.6657340199367185
3420	3176	3.6555363434247243
3420	3186	3.734390424379845
3420	1729	3.989661886247087
3420	2396	4.50768850418143
3420	125	4.21501499309075
3420	2542	4.290737773813305
3420	144	3.6609443976909084
3420	147	3.76638489321294
3420	2706	4.060565938142389
3420	3363	4.24885734885666
3420	2710	3.054789672607325
3420	2716	3.8861776250949647
3420	1777	3.7880392823530067
3420	3526	4.0562249744804175
3420	1784	4.175725015984461
3420	317	3.504964121480857
3420	2736	3.7569414954501026
3420	2739	4.156265808148852
3420	3546	4.024184671957711
3420	1009	3.5251312529390506
3420	11	4.0404513723736555
3420	18	3.5848875580392012
3420	3552	4.304751286181541
3420	1954	4.337597247328527
3420	1955	4.120525086065185
3420	1956	4.2572152580012155
3420	342	4.001339938831796
3420	2762	4.693730167148404
3420	1961	4.380189470981516
3420	1027	3.392728325194166
3420	1968	4.3336998710467585
3420	32	4.198957620601084
3420	357	4.108985116048886
3420	2915	3.9121054676251448
3420	2916	3.9193979602756417
3420	1031	3.74553568648579
3420	2771	3.1136340287701985
3420	2918	4.531306081751197
3420	361	3.744214705117496
3420	508	4.224345032565809
3420	47	4.468263800311023
3420	50	4.803304558623659
3420	57	3.711590025881328
3420	2791	4.155108288621272
3420	2793	3.1251148835011167
3420	2795	4.224748567721065
3420	1994	4.039564811676018
3420	2797	4.082517419258555
3420	1059	3.668306118950003
3420	1997	4.39646167214909
3420	2003	3.5526436994121178
3420	2005	3.8929592602213443
3420	3747	4.050076737544326
3420	1206	4.386924307585343
3420	3755	3.554036578672369
3420	1214	4.557465600466466
3420	1219	4.564659658231674
3420	1073	4.171746425025439
3420	82	4.237651445461416
3420	2020	4.331571074825919
3420	2023	3.6613390651222937
3420	1221	4.745225281931593
3420	1222	4.458809192967098
3420	1225	4.511157482941791
3420	551	4.0258015831057685
3420	1089	4.571493464603223
3420	94	4.081577205323023
3420	1230	4.310312637153938
3420	1092	3.8749436323440682
3420	1094	4.140927929871976
3420	708	3.7567127173277024
3420	562	4.116475701820148
3420	1097	4.453114045899214
3420	1246	4.335000654834184
3423	3299	2.7057070406538015
3423	3893	4.0144138175111275
3423	3897	4.7832898235648305
3423	3911	4.6171952014672595
3423	3916	4.440961356478227
3425	3098	3.954623730516576
3425	3182	3.874171809114655
3425	3566	3.351985639068149
3428	1401	3.6301084167291684
3428	2064	4.133419007626296
3428	2245	3.5692272112036063
3428	780	3.7675619066928747
3428	237	3.1677286242953904
3428	282	3.4571154777598707
3428	2870	3.6973634736603778
3428	2882	2.975017554794596
3428	477	3.665520003844518
3428	1303	4.344767315536375
3428	2115	3.7834956575395453
3428	2150	3.7731224752858132
3428	2183	4.164962386103715
3428	1398	3.419162606511429
3428	2529	3.9469102838836787
3428	1735	3.3510263110855267
3428	2541	3.430563240634267
3428	1921	3.94982899427211
3428	14	3.736074904011641
3428	1951	3.9082209614736314
3428	1035	3.971409176806833
3428	2779	3.7140171282715464
3428	1203	4.504384335542191
3430	3435	4.072791571186362
3430	2359	3.5759095243668084
3430	1949	3.8853803468151864
3430	2973	3.715233513246292
3436	3928	3.801670674788965
3454	3050	3.4802941774153227
3454	3051	2.986096267457684
3454	3554	3.5084205914944913
3454	2019	4.650695144735665
3462	3798	3.3277350128930125
3462	3948	3.9494426960426017
3462	3246	3.815619413206841
3462	2617	2.926376004807671
3462	2683	2.9187263705880735
3462	3812	3.496979984190673
3462	2871	3.9815513536700706
3462	2119	2.171615108763175
3462	3897	4.153844984975981
3462	1701	3.5318913922965014
3462	1958	3.7966060859232904
3462	21	3.519953943721278
3462	36	4.040727766613546
3462	1037	2.6510402154042714
3462	541	4.035807648025385
3464	1258	4.368056567616398
3464	3949	4.30745590607012
3464	2729	3.962415098935128
3464	2730	3.5321494504890136
3464	1222	4.287758559074336
3464	1090	4.390983364017216
3483	3943	3.014622319419968
3483	2769	3.550104103082649
3483	3911	4.3589157862920445
3492	3948	3.726332073104672
3503	3000	4.509844663721375
3503	2	3.629731422934037
3503	2067	4.516341601507543
3503	3018	4.0443722591043
3503	2078	4.195297058207131
3503	902	4.319270729548917
3503	1296	4.436608870014834
3503	2291	4.008095356516599
3503	1639	4.216816489691902
3503	2443	4.144198790697794
3503	1648	3.836658901411738
3503	1658	3.5737355389991965
3503	1674	4.460138514609131
3503	3438	3.237708043266883
3503	2492	3.2921482753805194
3503	3298	3.9181118426498034
3503	3466	4.032120773340404
3503	1884	3.8149141093382526
3503	3489	3.8327541385838977
3503	1126	2.96142390280819
3503	2877	3.463664688973663
3503	1300	4.606156604457254
3503	1301	4.381018207285736
3503	2123	3.408193182072146
3503	2139	4.256029579986039
3503	2174	4.561459166403336
3503	1380	4.195523656686232
3503	1393	4.255769590073582
3503	3153	3.9826533082104176
3503	2502	4.261115808476922
3503	899	4.5781114210079314
3503	3175	3.98912853795783
3503	102	2.4818103186439235
3503	2529	4.312508773252558
3503	1584	4.241157937872875
3503	1906	3.461283499874344
3503	154	4.227252683639717
3503	3545	4.170308401372887
3503	11	4.3816248005863825
3503	3578	4.635136473984127
3503	364	4.213400535564379
3503	2920	4.570136812642208
3503	58	4.573565231163665
3503	2947	4.411546819719504
3503	2015	3.907618390781292
3503	2968	4.2303150940739
3503	1234	4.734514054574603
3505	1569	3.0791502216311795
3505	342	3.6278554596472126
3505	357	3.579832208365473
3509	2232	2.9434032665344243
3509	2278	3.090022419078716
3509	253	3.461454063191657
3509	2105	2.5813982516682463
3509	3300	2.7152933469076093
3509	3160	3.3438300885576555
3509	1587	3.354464822625821
3509	180	3.1112591080548184
3509	3556	2.9218203267159906
3509	3578	4.328664123189403
3509	47	3.81700335661419
3509	50	4.501714560875642
3509	1206	3.3166697557811657
3518	3794	3.50225601887689
3518	1449	4.391775731584318
3518	1895	3.5018262995674805
3518	3512	3.87565323182445
3518	170	3.496472346653335
3518	3556	3.76265510082698
3518	3915	3.664689355891514
3519	3794	2.958278632319234
3519	3893	3.281404628983176
3519	2192	3.040726258876552
3519	3536	3.4002251022198844
3519	3556	3.2571795293049135
3519	352	2.8660881349609473
3519	3729	3.1389581048098663
3519	1079	3.9475343955821023
3519	3915	3.284777428584444
3526	3408	3.7981253393228394
3526	3285	2.109825012543808
3526	3481	3.2410471995130052
3526	3300	2.4147393807410276
3526	3324	2.4832838285567855
3526	3326	2.3763950834769987
3526	3354	1.813752901956484
3526	3536	3.237088669674894
3526	3564	1.5205089513398053
3526	3578	2.777382789637832
3547	3798	3.367809569694397
3547	581	3.831969741861954
3547	2067	3.9808917383084306
3547	3897	4.035562309828609
3547	831	3.525448166429493
3547	3578	3.7133026564377194
3547	1206	4.207238125982613
3547	3756	
3547	2967	3.65882345715007
3547	3914	3.3247696133838085
3547	3783	3.966751434950471
3550	1260	4.207744948337839
3550	3327	3.4373333410544324
3550	1218	4.140613473376698
3562	3952	3.6820845471111734
3562	3861	3.2572861742805213
3562	3865	3.2874522186145283
3562	3897	4.125057845933174
3562	2330	4.264406427226831
3562	3597	2.719221105732346
3562	3915	3.453085776374765
3562	3916	3.9595742232423197
3590	2208	4.59552344424709
3590	1653	3.9539205331348324
3590	2841	4.147214531584754
3590	1921	4.272491547309747
3590	353	3.642060246914272
3590	1212	5.071472196671972
3590	1218	4.742598147078854
3590	3901	3.1087323779681677
3590	3783	4.591335629086618
3610	733	3.1894783353713407
3610	2617	1.2723055611183198
3610	3527	2.3174886121412612
3613	2268	3.9091780322527243
3613	1466	3.724748421029924
3613	1617	4.152731285454921
3613	1645	3.5073799859351706
3613	1805	3.4077320198755974
3613	999	3.265695014199558
3613	3272	3.247953748358325
3613	296	4.466128500021671
3613	1500	3.8956966753347784
3613	858	4.521160955974656
3613	2194	3.9500439961564258
3613	3178	3.8442087843996156
3613	3362	3.906982427406674
3613	2561	2.9541842359222064
3613	1912	3.7504014437913873
3613	1918	3.266452369598782
3613	2580	3.851299225739236
3613	1799	3.4178140293048282
3613	1953	4.066652372131325
3613	47	4.094551192992072
3613	50	4.55621513088888
3613	3735	3.8992279890590895
3613	2000	4.043336661241026
3613	3741	4.054308265535667
3613	1061	3.5096351312653464
3613	1213	4.266257880265711
3613	81	3.146615803322042
3613	1221	4.383850807077036
3613	1227	3.8238905770449794
3613	555	3.9034390182156997
3613	1089	4.203726226230982
3613	1234	4.33778684917032
3613	707	3.057709910104599
3620	3901	1.9531099568213846
3626	3000	4.486761957470925
3626	2606	3.4597850475925584
3626	1687	3.757691743692242
3626	407	3.2322486072418797
3626	3826	3.3678864413049356
3626	2363	3.7195252568053863
3626	2364	3.163585527744958
3626	891	3.0957512553899944
3626	2513	3.7310562565607284
3626	3316	3.4466987016721524
3626	3535	3.4408961025809908
3626	2737	3.430319534992496
3626	1792	3.89499210625125
3626	1029	4.270897710476065
3626	1032	4.0217837522014985
3626	366	3.2156365678024814
3626	393	2.3564970024788643
3626	3917	3.6169226257716525
3626	3918	3.177329480118149
3626	3919	2.7135113722407236
3648	3790	2.7299357483784705
3648	2052	2.3418816294081566
3648	2995	1.8042713596484514
3648	724	2.54441692076182
3648	725	2.404928898554898
3648	585	2.3464180332158127
3648	586	2.532106319154536
3648	587	3.1121517529231655
3648	588	3.3647876326086137
3648	589	4.111336848189065
3648	1	3.732673514483082
3648	2	2.772280169155218
3648	3	2.4493691851829014
3648	5	2.492591874619265
3648	3005	2.8350928397366357
3648	3948	3.2341730812345864
3648	1265	3.598735288383023
3648	733	3.4157315982960914
3648	1268	2.9460354048962736
3648	597	3.052465627927664
3648	743	2.1260468692716272
3648	3020	2.942893761582552
3648	2082	2.2089462650477003
3648	2094	2.6118686436914893
3648	2245	2.8432881345279575
3648	3051	2.3367841880519555
3648	3052	3.264315667801182
3648	1457	2.5746112516005066
3648	782	2.1131636527677724
3648	784	2.2850447040129644
3648	785	3.0645947724665903
3648	788	2.42351855465094
3648	3060	3.252356425676951
3648	3208	2.3085307276670606
3648	1604	2.3118531157241877
3648	2409	2.5446649804078585
3648	1461	2.0243585652849205
3648	1608	3.0958889485081302
3648	2268	3.43493520746581
3648	1466	3.268930320712696
3648	2269	2.240965263589617
3648	2410	2.3519016816648417
3648	2411	2.22226803767228
3648	2412	1.6789585986456321
3648	1614	2.665556069337229
3648	2273	3.1073484483528557
3648	1476	2.9176019873500603
3648	2279	2.094820126659149
3648	3225	2.2434193004610545
3648	2282	2.832042643122948
3648	2429	2.215387295723759
3648	1483	2.216085319871555
3648	1485	3.0416803352566735
3648	2431	2.6039127355860363
3648	2294	2.9389100831397417
3648	1639	3.3159486042658264
3648	3243	2.028544863979135
3648	1642	2.4871176974559988
3648	3248	2.0069180724997655
3648	2447	2.5477752259785875
3648	1645	3.065410699324863
3648	3250	2.7970246436801514
3648	3252	3.28423992523781
3648	3253	3.103791560192585
3648	3255	3.024638257374386
3648	3256	3.245270764071913
3648	3259	2.9386351103043844
3648	2605	2.6321286740233636
3648	3408	3.237521892920309
3648	3409	2.7315373062265866
3648	3263	2.6123749414045943
3648	1805	2.9902116345812177
3648	3264	2.387773073511298
3648	1661	2.695857404090848
3648	1665	2.1863653875345292
3648	1667	2.174244839859576
3648	996	2.3274099862316633
3648	3418	2.91704396040458
3648	2616	2.128493252571897
3648	3273	2.081157969926264
3648	2617	2.63438660238164
3648	3274	2.5145175240206186
3648	1673	2.94411463680089
3648	1676	2.691559752678797
3648	2628	2.8780234120745165
3648	2485	2.4169619634816493
3648	1687	2.6072102689917376
3648	1688	2.940873193930087
3648	1831	1.958859387368481
3648	3438	2.024346195378138
3648	223	3.6190104688576263
3648	225	2.5449439948085337
3648	227	2.097844136456084
3648	2640	3.0657616812065354
3648	2642	1.831214989381992
3648	2643	1.3576713959881825
3648	1845	3.179384724598806
3648	236	2.736837965584894
3648	3450	2.942890653643997
3648	3453	2.064825610332317
3648	1854	2.548258999318851
3648	1855	1.9677101528162644
3648	240	2.476039470226745
3648	248	2.4308365840334827
3648	2803	2.741819171520947
3648	2808	2.0203838426721674
3648	252	2.7496672676719376
3648	253	3.0659712154121808
3648	256	2.139211562977774
3648	3614	2.6383324199201685
3648	3616	1.9159100262255964
3648	2671	3.236888582810506
3648	2672	2.576782231333251
3648	407	2.3908291581360475
3648	409	2.4397674447146076
3648	3623	2.8350774642402863
3648	410	2.305973599960497
3648	414	2.1308874264201734
3648	2688	2.580261883206581
3648	271	2.7546461953043613
3648	277	2.647843947170242
3648	2692	3.6472165575731696
3648	424	2.0463471452443387
3648	1895	2.7032552278919875
3648	2699	2.6291963136582757
3648	429	1.8728137812014534
3648	288	2.582658835952082
3648	431	3.094121260872895
3648	433	2.3724976515887097
3648	434	2.6373418848873604
3648	435	2.0717029918065295
3648	437	1.7127998950295371
3648	292	2.661754184701969
3648	440	3.268083515643036
3648	441	3.0730043200792694
3648	442	2.5327382051442413
3648	1120	2.990351358434578
3648	2860	2.664738733314202
3648	450	2.760115105347929
3648	460	1.9701831097254043
3648	466	2.433390777687981
3648	3827	2.9829811151987067
3648	2881	2.6495207789504747
3648	3686	2.707421467616029
3648	471	3.0446798800400283
3648	479	2.3464280143062877
3648	480	3.289401513698577
3648	485	2.052317725676551
3648	486	2.4157582618942355
3648	2106	2.738688964266214
3648	2108	3.0783014020664425
3648	493	2.9344246970677585
3648	494	2.7834707134961194
3648	3857	2.147343438774074
3648	2120	2.417366600720684
3648	2122	1.8913038421294526
3648	3862	2.9002385968004964
3648	2123	2.328795647269264
3648	2124	2.579106690873938
3648	2125	3.1852840922981156
3648	2126	2.2753088558325016
3648	653	2.6581876303562217
3648	2137	3.1968183471589633
3648	1339	2.845508673215661
3648	662	2.3386704975841064
3648	3882	2.721708053518833
3648	1342	2.2915196961355018
3648	1343	3.126418988965933
3648	2148	2.303499266290069
3648	671	3.09049271494758
3648	818	1.9362141115310725
3648	2155	2.6432454489603354
3648	3895	1.806050213808599
3648	1356	3.294858968779145
3648	2302	3.191958237562816
3648	830	2.3678862145869712
3648	2166	2.927202315994868
3648	2167	3.04880892469013
3648	2168	2.6037343914712996
3648	836	2.0931247788462573
3648	839	1.772858256549335
3648	694	2.0742866565595475
3648	3113	2.098479327897669
3648	1513	2.3026606751927856
3648	1377	2.41834006461025
3648	1379	2.406862484640753
3648	3120	2.4955040572892297
3648	2321	3.214055181078467
3648	2329	3.8395897601480837
3648	1385	2.660743021857047
3648	852	2.7712219762544295
3648	2188	2.1604537599359284
3648	2335	2.5336097473339994
3648	1390	2.6660635804972244
3648	1391	2.3834243592389543
3648	1393	3.2333918742333823
3648	1396	3.218959289551653
3648	866	3.202485731727486
3648	1541	2.568091210547002
3648	1544	2.2357059370637726
3648	875	2.9485055320794076
3648	3156	2.486862398452428
3648	1552	2.6767180601405
3648	2355	3.4889056454790897
3648	1702	2.1266774597841303
3648	1569	2.8859013981633033
3648	3317	3.3496076167324147
3648	1713	2.5718823188866136
3648	3175	3.396388900131388
3648	1717	2.336456296436336
3648	1573	3.199516926079359
3648	104	3.19650807459286
3648	3325	1.7382492333031156
3648	1721	2.813823402532756
3648	3186	2.8529442460021093
3648	1586	2.5779404408911053
3648	2539	2.884397121995184
3648	2541	2.7285133844987883
3648	1747	2.8390743963714082
3648	1753	2.7778565609447314
3648	2558	2.171355544287474
3648	3502	2.951690408087771
3648	2702	2.4532723337247
3648	2706	3.542021394200535
3648	1907	3.129661835335975
3648	1909	2.989002306920703
3648	153	2.0760849475247567
3648	158	2.3971324296935586
3648	2710	2.3848267169555624
3648	2712	2.709585572185558
3648	1917	2.700786433660226
3648	2574	2.1564361557526652
3648	1918	2.5833284796567573
3648	303	2.34428188608734
3648	161	3.196921142028027
3648	162	3.3818379304804704
3648	163	3.0351278208536407
3648	3527	3.1070900534870485
3648	2581	2.520973974628534
3648	3386	3.1948010728207334
3648	316	2.8454230424114364
3648	170	2.5707804323811936
3648	172	2.025434478818711
3648	173	1.8755600563517913
3648	3396	3.1841466147017417
3648	327	2.0069794523496416
3648	329	2.8142680760839536
3648	185	2.2475239741148596
3648	186	2.2634091968418093
3648	1005	1.7342265704204427
3648	15	1.8532738055361713
3648	16	3.284289932458811
3648	339	2.9366030244707177
3648	18	2.7367573205530973
3648	196	2.189821831121647
3648	198	2.5976233795017736
3648	1015	2.743992298130438
3648	1954	3.3076465379290325
3648	21	2.9716853717400387
3648	344	2.7317872753665853
3648	22	2.7297368316236197
3648	23	2.3590465193527357
3648	349	3.239777828493525
3648	1021	2.137139570791286
3648	2763	3.195673428067363
3648	350	2.7943568999626223
3648	353	3.0017387158360265
3648	32	3.482416357091425
3648	2771	2.1957231520230556
3648	1037	2.089680621426976
3648	504	2.3863522342214107
3648	362	2.7513430220262114
3648	364	3.3249241231791826
3648	47	3.6032692430305397
3648	48	2.301833449348677
3648	510	1.9494044606496286
3648	511	2.6007125853279063
3648	1047	2.8830388132767855
3648	516	2.2626691372818137
3648	370	2.4069349641731312
3648	371	2.5969575266118348
3648	518	1.918518015117918
3648	377	3.1545512673512768
3648	379	2.3943701334889016
3648	520	2.66343745653153
3648	69	3.1060399003455155
3648	2002	2.70146670858804
3648	2004	1.8524772027821192
3648	2006	3.279715132420456
3648	1061	2.9980545235992873
3648	531	3.2540564840890713
3648	533	2.124984979508574
3648	70	2.4476918307652653
3648	539	3.210111753660642
3648	2012	2.763358436052916
3648	1215	3.265352743486678
3648	544	2.133176806661166
3648	547	2.3070121305916356
3648	548	2.031335490309931
3648	3761	2.533807612457253
3648	1222	3.5839427110574076
3648	2026	2.094867466577349
3648	551	3.1574228709030505
3648	552	2.7004762900785115
3648	553	3.4560837107488696
3648	95	2.288516557988158
3648	700	2.7521800959276015
3648	2978	2.3949962102877587
3648	1093	2.9666766550441652
3648	564	1.9042466825721613
3652	2617	3.355420524655889
3652	1136	4.238824190866205
3652	3555	3.5635004638048056
3652	3745	3.5964560749948817
3652	1080	4.092338089232105
3665	2475	3.315039104645315
3665	2124	3.3166139077236205
3665	1503	2.5649890998061964
3665	2311	3.637685359233381
3665	2502	4.051680138681937
3665	2505	3.012805683747256
3665	344	3.338352446217256
3665	2031	3.456797442761734
3685	2410	3.0812398833585832
3685	2411	2.984672339916085
3685	2412	2.5145547010395632
3685	435	2.7992399720345125
3685	353	3.911186464286492
3685	3911	4.537359574896525
3688	2291	4.120706097248483
3688	1674	4.494605165320542
3688	3481	4.541595138575596
3688	3629	4.781373937688726
3688	1193	4.850345570896894
3688	3360	4.583403698089305
3688	3543	4.389782457344201
3688	1035	4.338306683757872
3688	364	4.304117861600522
3688	515	4.470727859647367
3688	524	4.0631347885650895
3691	652	3.2848900450134892
3691	3179	3.4650147532915643
3693	2872	3.913971114440805
3693	3861	2.868733604418987
3693	800	3.9064112899764614
3693	2328	2.7009512438911165
3693	1907	3.455889587102019
3693	1084	3.9411793020832198
3717	1358	4.183424559748525
3717	858	4.4908081981034345
3717	3510	3.9765737966661034
3717	1221	4.373191480869158
3732	942	3.5689814019937907
3732	2324	3.480462439200857
3732	1225	3.533880544984132
3733	3949	4.249750249638611
3733	1625	3.906381485689208
3733	3256	3.7337406578820045
3733	2861	3.0735731840609786
3733	3894	3.2371289717714924
3733	1206	4.235388110020937
3733	2019	4.582366784172645
3733	1094	3.611701968065328
3746	2054	2.8570071044211893
3746	586	3.5432260893853122
3746	588	3.7980243220568557
3746	2064	4.328731686425794
3746	597	3.9867393511876266
3746	2077	3.75194838739317
3746	2405	3.223858775705085
3746	1468	2.8277248207513104
3746	2421	3.029710586621226
3746	3250	3.6456029724716617
3746	3254	3.0673134361786967
3746	3259	3.6978435794937248
3746	3263	3.5206817756502597
3746	2617	3.2434941854204262
3746	2471	2.980027367630476
3746	1673	3.6653334830212616
3746	3421	4.904212307950225
3746	3285	2.9356061602407695
3746	1682	3.940159372783705
3746	216	3.9349984715777575
3746	3438	2.848226291331857
3746	231	3.6081306746813087
3746	3450	3.6635881017760505
3746	2694	3.496163162834288
3746	428	4.1681707761516735
3746	293	4.424512649919688
3746	1120	3.647980459803525
3746	1129	3.6600558169606696
3746	454	3.8315818521009493
3746	3825	2.9962437417405168
3746	3699	3.608746523465092
3746	2100	3.4929115567392515
3746	2114	4.017559140647543
3746	3868	3.967084567729908
3746	3869	3.3748165928133433
3746	829	2.6854902291082072
3746	1371	3.6761401981490165
3746	1372	3.5041679228704705
3746	1377	3.113372853345919
3746	849	2.7071588434079454
3746	2325	3.413191198609982
3746	866	3.733989216011955
3746	3301	3.486899390778973
3746	1704	4.699448607027812
3746	2529	3.7695799184593697
3746	1590	2.699929766220494
3746	312	2.6931827637668
3746	2735	3.18107897215548
3746	180	3.929029541236692
3746	10	3.8231067852119835
3746	344	3.7933618536799716
3746	1037	2.97826220118369
3746	520	3.231511274457153
3746	2002	3.5124019864690035
3746	2011	3.3194551797518606
3746	2012	3.180012854675797
3746	3753	4.141811120478769
3746	2959	4.087117010563153
3746	542	3.0723687833617106
3746	88	3.323210442499691
3746	2968	4.119957670225182
3746	3927	3.8805253835303657
3751	3948	3.6345958027760044
3751	1410	2.7250268070827013
3751	901	3.563897902144539
3751	2245	3.245025747220331
3751	1480	3.0394652263999604
3751	1635	3.7536767714323958
3751	3823	3.378870392326348
3751	3688	2.5366039531202134
3751	3689	1.882598253710095
3751	3889	2.156635522025889
3751	3893	3.2363453362256225
3751	3897	4.090496881767899
3751	2176	3.687140202578266
3751	2177	3.015581693544742
3751	2179	3.024613363833857
3751	2180	3.111025445939674
3751	2183	3.7819613843472615
3751	2184	3.3134710599907704
3751	3527	3.7431627536978453
3751	1958	3.5706287945300943
3751	3916	3.7180482633369465
3751	1093	3.268697330883157
3768	3949	4.224969524568664
3768	2447	2.838181388803269
3768	3897	4.284401033129606
3768	3911	4.127983228123489
3792	1438	3.1993393623701913
3792	1468	2.592349597949961
3792	3421	4.754337427665951
3792	3444	3.3537055973154173
3792	2683	2.652955916376313
3792	2694	3.4606118445949194
3792	3825	3.170669564166219
3792	3827	3.948594833345596
3792	2881	3.9548769786272615
3792	3835	3.0883877718045136
3792	1320	2.940315944599525
3792	1343	4.2503493852832355
3792	3107	4.425209148521896
3792	2163	2.6855879841175985
3792	1367	2.908845440887915
3792	1370	4.165210333130975
3792	1377	3.4851789216225555
3792	2336	4.453301710323506
3792	1562	2.57662106091796
3792	3173	3.515584437461458
3792	2541	3.3283274760779493
3792	3361	4.177505287483778
3792	2707	3.7897051267399595
3792	2567	3.5111905691838974
3792	150	4.5032638874350335
3792	2583	3.7765090958856486
3792	3534	3.1889052445358606
3792	1019	3.8277137510782526
3792	1200	4.972286125775331
3792	1203	4.599827787175436
3792	1214	4.919803797456652
3792	541	3.648975061956648
3792	1220	4.021179672285031
3792	3911	4.641293797377458
3792	3916	4.364882337063033
3792	710	2.687578538989358
3807	973	3.935079826880309
3821	3943	2.099274058399187
3821	2076	3.7130815292169537
3821	1276	3.6111376818654257
3821	911	3.514258083271069
3821	2248	3.304851285734264
3821	3210	3.419964937772799
3821	2271	2.703449961979091
3821	3098	2.9458188833938928
3821	3272	2.727863545347175
3821	3424	3.4747893909057646
3821	3456	3.127465337258435
3821	260	3.4214597202357826
3821	2829	2.298527934923454
3821	1889	3.179918988123739
3821	3649	2.5839894515341864
3821	444	1.6471763090527813
3821	1127	2.559737792930717
3821	2872	3.2177393817076916
3821	3827	2.656893196278201
3821	471	3.137414347116604
3821	3858	2.561711284801087
3821	1172	3.4382847491140827
3821	1173	2.799278878441048
3821	3871	3.1368534148104135
3821	1196	3.371602323912794
3821	1350	2.76099695068317
3821	2160	3.5366599959482308
3821	2176	3.452308614700577
3821	2505	2.12918290043194
3821	136	3.115995353354855
3821	2707	2.605122835351998
3821	2708	3.2203934899269973
3821	2728	3.334800097194517
3821	1785	2.7881562111003246
3821	1944	3.5273773040785246
3821	1956	3.3191527818538704
3821	1961	3.119949904684198
3821	3566	2.605855777721734
3821	2769	2.5775266947525943
3821	353	2.3671821803805178
3821	32	3.042871538285617
3821	3726	2.9653508752381876
3821	3593	0.9057203800351106
3821	3598	2.7879734883412803
3821	386	2.217063673446232
3821	3753	2.384619033503798
3821	1212	4.16658634860525
3821	1077	3.476058110503829
3821	80	3.054858954823942
3821	549	3.1058603040273196
3821	3901	1.7721801322452546
3821	2964	2.677228389309405
3821	3916	3.036144455906362
3821	708	2.4340122724580806
3824	718	2.952305523367965
3824	2050	2.198500142744102
3824	2051	2.291923896936142
3824	1250	4.122302924384768
3824	3938	1.7513453412091193
3824	1251	3.6803983726259553
3824	3939	1.867832750939404
3824	2991	3.208655175380774
3824	720	4.104524372094536
3824	2993	3.4617090154783487
3824	1254	3.8677022618625876
3824	2057	3.019829424045356
3824	1256	3.858610516097244
3824	1	3.94531574667369
3824	3941	1.882846546015604
3824	2204	3.4363189000620444
3824	3948	3.435885436296461
3824	1261	3.650036808530891
3824	3949	3.816527684452819
3824	1263	3.287153011335394
3824	2067	3.386260319335495
3824	736	2.6774861511012014
3824	592	3.053427929285613
3824	596	3.476803759144699
3824	3013	2.5632549512399687
3824	3015	2.8275440771044535
3824	3017	2.1322671592743965
3824	3018	3.0559860191053474
3824	2070	3.3233001185139983
3824	1272	3.878750876393446
3824	3022	3.9563115107817595
3824	1281	3.546886553008143
3824	1287	3.7718467438700682
3824	3035	3.8784050465538
3824	2090	3.154981325092296
3824	2091	2.425607470928962
3824	902	3.5113566392750295
3824	1292	3.623350034585838
3824	2095	2.68493445650808
3824	1294	3.556711456596565
3824	761	2.3927323987371794
3824	908	4.104133016683345
3824	3040	2.9462022384158577
3824	2241	2.3148552755484504
3824	911	3.7859837506682563
3824	1445	1.826451586189327
3824	2257	2.690394063308537
3824	788	2.55334156490185
3824	3200	3.3067548882584084
3824	2406	3.1641630551677564
3824	1606	1.9993846537773323
3824	1460	2.455157170774255
3824	2409	2.6323066937209147
3824	3066	3.159407552037958
3824	1464	2.8338853939863493
3824	2413	2.4859198581746327
3824	2414	2.9466479492577524
3824	949	3.559358099133392
3824	3088	3.816939921282936
3824	3089	3.988068221477492
3824	2287	3.1957291586684984
3824	953	4.092796154525513
3824	3095	3.7831321767855637
3824	3099	2.6751398887197424
3824	1499	1.7238164322036815
3824	969	4.004276827299948
3824	3240	3.0251388958747096
3824	978	3.5086980624365975
3824	2456	2.0205259905801376
3824	2472	2.5300885302677014
3824	1673	3.055353395807954
3824	208	2.0297431713288936
3824	3420	3.18755631024657
3824	1681	1.7694416080293651
3824	3430	2.9010933584947676
3824	3431	2.129205363037475
3824	2661	3.012295124585288
3824	2819	3.536120202231814
3824	2822	2.6080720547139435
3824	3633	3.0832651630152617
3824	3635	3.300538386583147
3824	3639	3.2768986741782133
3824	3498	3.40769203477615
3824	1894	2.6015325929119784
3824	3649	2.6005476610470346
3824	434	2.886010032281469
3824	3654	3.660282025682223
3824	2858	3.675430432061737
3824	3807	2.8825452453064893
3824	3668	3.5431619265263374
3824	3812	3.212137457147206
3824	3814	3.6694990979426567
3824	2871	3.185040413725125
3824	1136	4.59440781821305
3824	462	2.486404849861534
3824	3820	1.5234479771667973
3824	3822	3.2313509391830477
3824	3682	3.2241156288320147
3824	2880	3.007279550954497
3824	3836	3.517852406858587
3824	1303	3.6264213926693594
3824	1304	3.4502374835264122
3824	2109	3.196205067584014
3824	1161	3.4261011287821
3824	2114	3.1174796859352614
3824	2121	2.125560224807478
3824	1327	2.560881969337783
3824	2134	3.0232529832197805
3824	1333	3.423667540286907
3824	2137	3.453161214704177
3824	1194	3.122757152990731
3824	2141	2.976070313926627
3824	3882	2.8525392688961104
3824	1345	3.044959990422608
3824	1350	3.3108516657717604
3824	2153	1.5883800418543474
3824	1359	2.1510309665146288
3824	688	1.8928097714203733
3824	2301	3.0932420852952824
3824	2160	3.1096665303946343
3824	2163	2.247866530653972
3824	2164	1.8184775358653555
3824	836	2.1791745342620574
3824	3111	3.251036192429201
3824	2176	3.5303818157673446
3824	2178	3.240197716204394
3824	2184	3.1717296156533212
3824	1387	3.8127788694462734
3824	1388	2.11594021179451
3824	3135	3.4306535541128786
3824	2347	3.3340380286387274
3824	2349	3.133800526318659
3824	3153	3.2600611341283625
3824	2364	2.403849942804479
3824	1562	2.0695822281092022
3824	3169	2.976705414316043
3824	2367	2.210401884860523
3824	2520	2.790914250397893
3824	2528	2.9089373465242563
3824	111	3.2373830327842046
3824	1587	3.4132477903930454
3824	2530	2.6337729626738855
3824	2531	2.2666871146333745
3824	2532	2.4520066601753516
3824	3196	3.824855184586494
3824	2397	2.9779230168966127
3824	1754	2.997857782087379
3824	3359	3.547020830257909
3824	3504	3.4099143191911727
3824	3507	3.6617491100558897
3824	3362	3.2946964432343058
3824	3363	3.2340113825435366
3824	3366	3.4658185562715067
3824	2565	3.603179170593362
3824	153	2.109097350923608
3824	3371	3.2714122268796824
3824	3519	2.8654889505527543
3824	3523	2.8561444920080636
3824	1920	2.548102983045981
3824	2723	3.0516745066197934
3824	2728	3.613542445833451
3824	3390	1.6135236026054063
3824	3396	3.592882196442706
3824	3546	3.2304431673366674
3824	1007	2.6644595456368227
3824	2747	2.8432772624505502
3824	1945	3.8117372083381738
3824	1946	3.491125874543162
3824	10	3.437941374690743
3824	15	2.0998748861660714
3824	3551	3.4379472319397815
3824	1010	2.9095760366682986
3824	1011	2.411197098934349
3824	3555	2.9806394161609506
3824	1952	3.275619303736177
3824	1953	3.351722307074038
3824	1954	3.3457863147541547
3824	1955	3.1599330554557623
3824	1018	2.832642052493821
3824	1019	3.4626377112659705
3824	3705	2.13483007919551
3824	3707	2.511453757698581
3824	1022	3.5972072917960385
3824	2764	3.299724405518185
3824	1963	3.5992610176132023
3824	1966	3.275916018232059
3824	39	2.891194437695017
3824	1030	2.660434646100875
3824	1031	3.149743358434562
3824	3577	2.3768303010507603
3824	2779	3.180151872162626
3824	44	2.6041507720075603
3824	2929	2.983874683813268
3824	2788	3.8514184097967297
3824	1049	2.894892449887689
3824	517	2.6244108220269986
3824	2795	3.4423434445068017
3824	1997	3.4847112828030595
3824	60	2.721942542467475
3824	3742	3.6148119217494683
3824	2006	3.36705054270581
3824	2944	3.6263837907738585
3824	1207	4.084097143389322
3824	2947	3.6875663498083777
3824	1208	3.5097030946630072
3824	2948	3.6459928236530867
3824	2949	3.55434018329296
3824	2013	2.9803334605878984
3824	2014	2.6915973640799224
3824	2015	3.193629179869244
3824	2956	2.55350812153089
3824	1078	3.4918378161020027
3824	3760	3.0633272363093975
3824	1221	3.763701336877885
3824	1226	3.7233750999305797
3824	1080	3.8647271223434343
3824	1082	3.2868332773222226
3824	1083	3.240728313285851
3824	552	2.8445999175745227
3824	3917	2.8135205701549233
3824	3771	3.028670510956408
3824	1234	4.0996602460358655
3824	1237	3.928837485375741
3824	2040	2.55619934613853
3824	3927	3.2717702269403577
3824	1247	3.511122269642309
3832	3943	2.619671792363315
3832	3949	4.139386718618581
3832	3911	4.034231234054181
3833	1249	4.025452803356415
3833	900	3.877113772522878
3833	2640	3.32134722102274
3833	1883	3.4696088221802555
3833	2687	3.559666981536243
3833	1193	4.41037466357845
3834	3790	4.296617240731623
3834	3949	5.253394341221392
3834	3409	4.313885280564841
3834	3623	3.7948524527293537
3834	3481	4.999612282133174
3834	3646	3.6297601819235377
3834	3827	4.400731292294624
3834	3300	4.250051922282566
3834	3328	4.902536747166495
3834	3354	3.7240171610888964
3834	3510	4.601539785444813
3834	3556	4.48078319864317
3834	3571	4.354336067838695
3834	3598	4.4552263539086505
3834	3744	4.322845522006385
3908	3948	3.730312984429306
3908	3317	3.8597824051823633
3916	3896	3.809144773953834
3916	3897	4.658244667275678
3916	353	3.9352444544243466
3916	3911	4.534062244788802
3940	3897	4.2075973143006875
3940	3147	3.823800763724701
3940	3317	4.057412990813016
3940	2744	3.672386623468245
3940	2762	3.88926099564706
3940	3911	4.324994382698392
3971	1407	3.7267095625113096
3971	3949	4.185103133548493
3971	3274	3.160881812398796
3971	1680	3.7243264149434148
3971	3285	2.6805166435884713
3971	222	3.550807997426997
3971	3481	3.870257328090313
3971	2571	3.875765430841134
3971	62	3.5205434730239227
3971	3755	3.206547098139374
3971	1092	3.842334834892486
4005	1263	4.026387844949174
4005	912	4.486059052661961
4005	1892	3.5275230852488746
4005	3827	3.5737206434645348
4005	3857	2.885520793185568
4005	3893	3.571756973497537
4005	2336	4.101219841334665
4005	305	2.582690319713011
4005	1952	4.1441938841036
4005	1961	4.099891132132437
4005	2769	3.3877132625036785
4005	3717	3.3944701901278758
4005	3720	3.623255640276358
4005	3753	4.157139021349659
4005	3915	3.570904382892556
4005	1247	4.1928143219001175
4042	750	4.4258695877361065
4042	2407	2.928744510913572
4042	1498	3.0236671285645627
4042	1653	3.7245942942417436
4042	2640	3.236445548395775
4042	2641	2.893314095870247
4042	2642	2.0663004454622396
4042	405	1.976817000172642
4042	1876	3.233561544529579
4042	435	2.224432941762278
4042	610	3.533083449114542
4042	2105	3.0695806277133446
4042	3861	3.02605270656168
4042	1180	3.5274082366594643
4042	1375	3.0749466163825154
4042	3148	3.938012398755934
4042	2529	3.507025139786886
4042	1748	3.8497858982848183
4042	150	3.98547813070788
4042	157	2.617404053661395
4042	160	1.8597488356892313
4042	3527	3.337826107036411
4042	170	3.0586843902550154
4042	3701	3.0893419035965968
4042	3704	2.9407368072579616
4042	1059	3.3747110244312855
4042	546	1.6425788817034035
4058	3408	3.9415250078008883
4058	3893	3.1846134488324607
4058	3897	4.118714920311652
4058	3317	3.7741284881432637
4070	2427	3.5963923399156497
4070	2628	3.3987981078892657
4070	288	3.1471859011930117
4070	10	3.602608697977512
4070	349	3.6267996070486914
4070	380	3.421176925007001
4079	2989	3.941625271515958
4079	577	3.266150059823344
4079	3930	3.4611803953747424
4079	2990	3.6046562765663377
4079	1252	4.4764654645261635
4079	585	3.196405684109955
4079	586	3.459702689207264
4079	587	3.8509933311239712
4079	3	3.3498680547652024
4079	592	3.617748550074305
4079	597	3.9904842162883067
4079	3016	3.4045281051519
4079	1272	4.584170452641876
4079	743	2.8171027181286057
4079	1426	2.8744557858843587
4079	1288	4.575074479669069
4079	3033	3.5679311744800195
4079	762	2.533605171189643
4079	2240	3.794314472875844
4079	2245	3.693749890306717
4079	2259	3.0927624656143204
4079	1459	3.6486986100595633
4079	784	3.014671107688927
4079	2266	3.1728328539109447
4079	2268	4.2623702560242
4079	3213	3.8951112447146055
4079	3217	3.5949507770400144
4079	2278	3.829789423026458
4079	2420	3.683026926592759
4079	2421	3.1002288606323707
4079	1626	2.82117173543257
4079	1487	3.235423970980348
4079	2291	3.493906154669494
4079	3098	4.073087864248615
4079	3243	2.8560174612736415
4079	3246	4.252170432107844
4079	3247	3.432975665872008
4079	3248	2.9522904417967495
4079	2450	2.4968844294962182
4079	3258	2.7299648677356605
4079	982	3.907458603023377
4079	3408	4.1170579961992315
4079	2469	3.625699910490905
4079	3418	3.937665366666159
4079	2616	2.9567631835244614
4079	2470	3.718052011210553
4079	2473	2.714052610577224
4079	1673	3.7802326900535013
4079	1674	4.429401736532276
4079	204	3.1815990328479025
4079	208	2.776524044160504
4079	1689	3.3407702129092147
4079	3431	3.066682086377603
4079	3432	2.640760907641694
4079	3433	2.5970903657750166
4079	3434	2.820770725619887
4079	1831	2.8835964768986715
4079	1833	3.336390298906424
4079	3296	4.113331624856056
4079	1694	3.9883868255272374
4079	231	3.4179605104197797
4079	3450	3.6898353405003936
4079	246	4.429055533026778
4079	3602	3.1875599276098128
4079	252	3.5225386530010105
4079	253	3.723733157308794
4079	3614	3.430776785817235
4079	2815	2.9062189060114214
4079	267	2.9971452088508346
4079	2828	2.381966693047036
4079	2683	3.582927421143227
4079	2688	3.4583630830254264
4079	3497	3.316944963239179
4079	1100	3.1172657603873217
4079	2846	3.740810393468931
4079	434	3.5550470889657553
4079	2857	3.8032815440636267
4079	444	2.6601454203812276
4079	2866	3.951189575787355
4079	454	3.9903424338710627
4079	1135	3.4118527481209604
4079	466	3.0446257205950626
4079	3688	3.140026633389977
4079	3841	3.090757756470994
4079	1301	4.240154818020443
4079	2117	3.9240623544401267
4079	648	3.587120331602001
4079	2120	3.214588227433744
4079	2125	4.095392498984277
4079	3868	3.854438764306936
4079	3869	3.334942696887406
4079	1186	3.759543687789003
4079	1191	3.372912245322627
4079	1343	3.896599474673847
4079	2147	2.8116965148248907
4079	3105	4.07693349271526
4079	3107	3.748954916371948
4079	2313	4.179435179585148
4079	1370	3.941114123863107
4079	1377	3.2003293041045486
4079	2322	3.16974813864159
4079	2324	4.76682748638451
4079	3135	4.1995351945018635
4079	3141	3.381166409097073
4079	2353	4.227473669849926
4079	3157	3.448489403014367
4079	888	2.794267179263703
4079	1711	3.631663728884591
4079	2517	3.333387846619726
4079	2376	3.647865694422121
4079	2520	3.540609992947761
4079	2523	2.5196873754174365
4079	1582	3.489334158335353
4079	1584	3.8636352976390915
4079	1589	3.6546650597327077
4079	1591	3.086388477834652
4079	1592	2.790960141151288
4079	3197	3.674970068334314
4079	3198	4.3398941390457795
4079	2398	4.225978687541605
4079	3359	4.3345516299108
4079	150	4.290814341726783
4079	153	2.9034103115845733
4079	165	3.9428937231319297
4079	3524	3.7844870816059446
4079	1923	4.477642993922131
4079	3528	3.6385240595812776
4079	3388	2.9940668857341413
4079	1784	4.463711333178714
4079	316	3.778745189649624
4079	317	3.424651259124484
4079	318	4.805257846334933
4079	173	2.5637727894011615
4079	2730	3.6317634190035815
4079	2736	3.7674806038400597
4079	3394	2.9571839064400356
4079	1937	3.8950082520614724
4079	3545	3.959084334451293
4079	2746	3.030744064165683
4079	1946	4.226425401887225
4079	337	3.8500387902884468
4079	19	2.6550701676895168
4079	1015	3.7403905406740163
4079	1955	3.945925124361017
4079	1958	3.92116658590534
4079	1959	3.882398822327208
4079	344	3.166520933941408
4079	345	3.8313542678888903
4079	3701	3.4688010740736597
4079	2762	4.167410114677079
4079	1962	4.31578190439793
4079	351	3.568920541008924
4079	39	4.354999034920246
4079	2915	3.9280060874301252
4079	2918	4.310805736916953
4079	2772	3.220490233166639
4079	500	3.559625092065739
4079	2919	4.122534260614166
4079	1036	3.9167696910106744
4079	41	4.130609768441656
4079	45	3.561432537461011
4079	370	3.096501576953196
4079	2932	4.0698334502243565
4079	2791	3.9165172443473084
4079	1991	2.9797820969310993
4079	2794	3.201480235737543
4079	1992	2.3835450180658575
4079	2795	4.1439433068376905
4079	523	3.8566046565736167
4079	524	4.018864606060312
4079	525	3.477384115398889
4079	527	4.597394997046285
4079	381	3.582222067858659
4079	2003	3.320324960736697
4079	2942	3.5983629105935675
4079	2943	4.075857175478948
4079	532	3.3873514868184653
4079	539	4.054006040756549
4079	2950	2.5720751411097575
4079	2953	2.708553936461757
4079	544	3.026524464901161
4079	2023	3.7920605931827858
4079	700	3.51341075747017
4079	1091	3.1677776325901466
4079	1092	4.105508761144361
4079	1093	3.7006509890977632
4079	563	3.803885904898484
4084	3949	4.808298745138861
4084	3852	4.2642560827656455
4084	3903	4.063661711803101
4084	3911	4.670308692751895
4085	3598	3.7235911059842146
4085	3911	4.4375682280803055
4085	3916	4.058884018742717
4089	3793	4.212221734710331
4089	3948	4.066591462779081
4089	3852	4.0389302652929535
4089	3857	3.047718214449529
4089	3859	3.98925118270295
4089	3317	4.167714241271984
4089	3189	4.009408796517844
4089	3512	4.120720554712564
4089	3553	3.2005353503466956
4089	3556	3.8228519566697323
4089	3571	3.5447835861035717
4089	3598	3.7448944992322026
4089	3745	3.8132447979249706
4089	3753	4.506444021565007
4089	3755	3.89470585997801
4089	3915	3.7670396437929847
4089	3916	4.324139630569837
4094	3409	3.8053412050027173
4094	3616	3.0845373267473954
4094	3821	3.321327056624774
4094	3879	3.41821929618427
4094	3316	3.450168709582025
4094	3324	3.394158141273854
4094	3328	4.40453470620292
4094	3354	3.224106691597457
4094	3511	3.386511974944016
4094	3915	4.033946857210036
4094	3916	4.607480412592741
4116	3897	4.461292335757458
4116	3317	4.152595627123243
4126	720	4.477657515487101
4126	594	4.067347112489935
4126	3033	3.5510040885305605
4126	2406	3.8021823258990928
4126	2407	3.7635531975485255
4126	2420	3.6734834099273046
4126	2421	2.9130486041452213
4126	2422	2.3191830517850685
4126	2424	3.5523424029117616
4126	2431	3.2199804920302526
4126	2432	3.275528548932037
4126	3249	3.174037023567161
4126	3260	3.7482079482142563
4126	3267	3.74534430557415
4126	1674	4.143054919814092
4126	3287	2.8525233730287485
4126	1831	3.0727110845790055
4126	2497	2.939833450873812
4126	407	2.9658571665477558
4126	1892	3.3126354840478287
4126	292	3.593724008421984
4126	1129	3.5754648662539465
4126	3827	3.3650740265373416
4126	489	2.581373067380785
4126	1302	4.158024160266499
4126	2125	3.8255798286692406
4126	1343	3.6683828975518895
4126	1377	3.1982463995942556
4126	2344	3.4232032705914968
4126	2706	3.7530273618335444
4126	2571	4.521900720008824
4126	168	3.1725217278785562
4126	1920	3.0312073277217384
4126	2724	3.264030654165795
4126	504	3.0867640064909985
4126	507	3.5695614031626106
4126	50	4.225745551625032
4126	391	3.420646279873769
4126	1213	4.4712098529465845
4126	3755	3.4700417241333588
4126	3916	3.9772242797202275
4126	3784	3.3411062145503623
4169	577	3.086668852847723
4169	3796	3.4397486443453764
4169	2827	2.2425802056284776
4169	607	3.265002724238867
4169	2882	2.97600044544104
4169	2889	3.4562538915288945
4169	1160	2.997410516866942
4169	3113	2.7871850094050474
4169	2175	3.897169543184038
4169	3156	3.3392149608067916
4169	3184	3.477112513323809
4169	2589	2.9345619093307405
4169	2590	3.269881524916938
4169	3598	3.686577426918605
4169	2998	3.685667871533124
4169	2246	3.187631566448505
4169	3238	2.0988413144685754
4169	2631	3.005732849976231
4169	3292	3.7742974840453845
4169	3299	2.37848048697844
4169	3301	3.698182866598337
4169	1702	2.697990782410055
4169	3324	2.6428723729641304
4169	3326	3.0327910048493623
4169	3355	3.045878475327738
4169	2702	2.928051147855008
4169	2715	2.847663505759265
4169	3380	3.372439637019952
4169	170	3.2898409326384734
4169	2769	3.5164153169523407
4169	3749	3.3892424940834527
4169	1098	3.35037427947642
4258	597	3.553488220300061
4258	914	4.243707600749774
4258	1457	3.1925842497102424
4258	237	2.977627298120231
4258	252	3.361313674523089
4258	2863	3.9246032356957685
4258	605	3.371849112286132
4258	3861	3.118771034377921
4258	3186	3.4841695708635227
4258	1912	4.004539455357637
4258	2572	3.332380454780603
4258	1947	4.230945288477602
4258	2922	3.8238812903663177
4258	372	3.1636768678441625
4258	3916	4.003997586353159
4258	1283	4.27618310582266
4258	1639	3.7828372898427847
4258	804	3.078952691087945
4258	1035	3.754401700367858
4258	539	3.763665389210838
4258	3751	3.980441977490435
4273	586	3.4588984640202973
4273	597	3.9572150789604006
4273	3039	4.113603221281908
4273	3421	4.3713967033331675
4273	223	4.266567745656144
4273	3451	4.157986925339816
4273	1125	4.092597705068224
4273	1136	4.634164108806977
4273	2150	3.9644220326882165
4273	3552	4.179027467627204
4273	1963	4.293746717915525
4273	356	4.42889083370873
4273	1210	4.335990270556342
4273	1220	4.2210530791667455
4273	1230	4.4202830491862555
4273	1234	4.625414696109453
4273	1244	4.369886807863961
4273	1278	4.527627010037083
4273	1292	4.256891043412113
4273	1294	4.438020400747764
4273	3210	4.136246225953508
4273	1663	4.138935877818833
4273	3622	3.9948717036204173
4273	3671	4.351733522983333
4273	1304	4.492983957631906
4273	2302	4.081582987369585
4273	2700	4.056054488345516
4273	3363	4.316791189815798
4273	2791	4.246685176636193
4273	1080	4.3086535703744095
4277	3795	4.00964496218212
4277	3005	4.040232171370231
4277	2060	3.7997764676456973
4277	2071	4.541067379796411
4277	2435	3.7809699174857556
4277	2809	3.547411795504965
4277	3483	3.831290955484769
4277	297	3.6485384740636038
4277	3827	4.014617887939549
4277	3852	4.337573392704093
4277	3853	4.0848559870905
4277	3893	4.228219348773039
4277	3895	3.046870013330198
4277	3897	4.800464721404723
4277	3525	3.8267819057146584
4277	3911	4.7316125196558705
4277	708	4.227473812734264
4277	3949	5.016478102784142
4277	3950	3.994918072990653
4277	3225	3.34832589428075
4277	2357	4.794903527438047
4277	3301	4.150516578340334
4277	1753	3.976406467303825
4277	2769	3.915260761556014
4277	3718	3.840435295827391
4277	1042	4.225181114015893
4310	3865	3.6042439624632885
4310	2965	2.575253798138316
4310	3751	3.964112887972548
4384	3863	3.818811080481444
4384	3173	3.643005541019626
4384	2232	4.0550106005788455
4387	1629	2.5973911220908126
4387	2341	2.849558570092259
4448	3791	3.619733590945831
4448	2078	4.485838337497843
4448	3032	4.378199602781317
4448	232	4.767098715471618
4448	3499	4.57310127961333
4448	299	4.455796070962243
4448	1135	3.848117383814198
4448	2145	3.82773176779088
4448	2178	4.27609958421914
4448	2501	4.902300763972077
4448	3181	4.406994469785145
4448	300	4.306971273604604
4448	314	4.3901729522533115
4448	3563	3.3749310944255413
4448	70	3.9822550364860456
4448	3905	4.494289042467003
4448	1238	4.48496616412439
4448	714	4.523814112526664
4448	3950	4.06437425257777
4448	3250	4.167708022721808
4448	2329	5.123221005175049
4448	2333	4.4176457564513845
4448	2349	4.318526627848726
4448	150	4.561389864515895
4448	2769	3.9664823349623046
4465	1860	3.4471008617499153
4465	3822	3.4259317894360035
4465	1176	3.601894779247579
4465	2542	3.624933262799404
4465	1217	4.02747054533971
4465	2973	3.887407993197749
4465	1245	3.770709197910566
4465	2624	3.8299419306619877
4465	1333	3.6628314146070755
4465	1394	3.7976270797213125
4465	3720	3.3428570849963233
4477	1254	3.9637541884363925
4477	3948	3.413342928189848
4477	3952	3.4970117226316693
4477	3317	3.661565174264832
4478	2054	2.607403914593011
4478	586	2.7782060979344942
4478	3	2.69399062535058
4478	2080	3.1975878148307038
4478	2081	3.159993396183199
4478	3033	3.140753009258785
4478	910	3.875351638251315
4478	3060	3.4825248642506117
4478	2413	3.0464210257478026
4478	2426	2.687532449440879
4478	2471	2.213263848297014
4478	1816	2.605187783755799
4478	2478	2.9449073279225972
4478	237	2.567894039612646
4478	265	3.4185185738983224
4478	3841	2.3431203163039984
4478	2134	3.0081044402665746
4478	2141	3.067544975815567
4478	2163	2.3199837007917044
4478	2502	3.7013925028785253
4478	1947	3.634240148038686
4478	333	3.3340183134570838
4478	19	2.2849672162790773
4478	355	2.0318233043091287
4478	370	2.4451205593643124
4478	63	2.524767758450506
4478	2953	2.055457931002035
4478	93	1.967185304374116
4478	3920	3.2727024176802693
4478	743	2.2529264002306038
4478	1279	3.3053048971761205
4478	1285	3.313922598160011
4478	1295	3.1965876823879107
4478	762	1.7726405002292311
4478	2247	2.6507633971254965
4478	2249	2.9440997447126938
4478	2252	2.6459769818393526
4478	2253	2.283758349281627
4478	788	2.624379537616651
4478	3208	2.5084111543645875
4478	1642	2.7022602873937407
4478	3247	2.662683846613134
4478	2600	2.9304201418298628
4478	413	2.3547564494997384
4478	417	3.0197257124895995
4478	420	2.2382450250150914
4478	429	2.064206865989987
4478	432	2.2696086376707045
4478	466	2.454754454631378
4478	468	2.9564481842473067
4478	3688	2.3113071809113777
4478	473	1.9812692428147147
4478	3692	2.0563649730979545
4478	485	2.1485151790141264
4478	1330	2.5901354405565415
4478	2335	2.7980448693056683
4478	1711	3.132622469228478
4478	2375	2.6069455000169373
4478	2378	2.6445061995157
4478	2379	2.095322718978034
4478	2381	1.715550399137163
4478	153	2.3955582928176655
4478	2717	2.7303147488638166
4478	3387	2.367143359115978
4478	500	3.015756940172986
4478	2792	2.380537548650126
4478	2794	2.6599394771328115
4478	1057	3.204164638458549
4478	2000	3.1499413442292763
4478	2004	2.208290719111733
4478	2012	2.9434274403932483
4478	3773	2.477781541890001
4478	1091	2.442961227301683
4482	3831	3.844465162199376
4482	3176	2.8416839374438756
4496	3903	3.8324436092072913
4496	3949	4.57466447610047
4496	3317	4.282442051788954
4508	3794	3.0211297571144575
4508	585	3.2278105746269197
4508	2081	3.3550788632868183
4508	2082	2.0303110669808264
4508	1449	3.720804512473967
4508	2463	2.7601781231525244
4508	2471	2.1949873914118374
4508	2482	2.9631290176342584
4508	1135	2.6866149340297545
4508	3821	2.5576121006440196
4508	663	3.1700435893716765
4508	1569	2.4048700708422843
4508	2574	2.449461256939627
4508	325	2.2161456211580575
4508	1948	3.656923624930813
4508	2926	3.8427806760487266
4508	1987	1.7875590794362233
4508	1988	2.0675681051672488
4508	3596	2.4874841590522054
4508	390	3.315451502759856
4508	3943	2.540305216311857
4508	3948	3.4207817830677074
4508	735	3.3299043784215177
4508	2618	3.689711732523463
4508	441	3.780081085656116
4508	3696	2.3414540243744835
4508	497	3.708951974592876
4508	2325	3.0289526648622798
4508	2374	2.5239972003220945
4508	104	2.990084521373289
4508	1753	2.6381193244204013
4508	144	3.09155076473583
4508	1777	2.6432244901915563
4508	2736	3.3038012827551575
4508	2738	3.1949882284233064
4508	2750	3.5869736571689326
4508	500	1.863777752109204
4508	514	3.3122331757250683
4508	1079	3.7028511466202687
4508	2044	2.366941081850938
4517	3791	2.7749872466756305
4517	2054	2.6744160832100783
4517	592	3.3817852205941334
4517	596	3.4348355088854534
4517	2070	3.5167438164378644
4517	2072	2.7797960898187064
4517	2081	3.5045063104559935
4517	2085	3.217458229167956
4517	2087	3.330592675387627
4517	2088	2.2124949403366387
4517	3033	3.3312381420640294
4517	3039	3.4139352586814575
4517	919	3.834002766509723
4517	923	4.091686783931831
4517	928	3.861843412567571
4517	2407	3.149500141356101
4517	2408	2.2246177677485597
4517	2420	3.1973841461548416
4517	2423	3.5254334230446647
4517	953	4.030981857189606
4517	2450	1.7702734296435167
4517	3412	3.0437649251118755
4517	2470	2.854540536937993
4517	2471	2.119936716132787
4517	203	2.6952548617458634
4517	2478	2.990322284917288
4517	3421	3.72014696604304
4517	223	3.949796277290576
4517	3448	3.5181979072141827
4517	3457	2.7821387367112025
4517	3471	3.8092585938416397
4517	3478	2.9608048836556753
4517	260	3.878338581952309
4517	3481	3.6817207927387803
4517	3484	2.357532947800722
4517	296	4.073961585238981
4517	1125	3.4159355945350582
4517	1131	4.024806504864698
4517	1132	3.8740355621120877
4517	1135	2.932583460810075
4517	2100	3.3177409472862394
4517	2109	3.6630091986121456
4517	2112	3.1562818637954897
4517	2115	3.426958492234346
4517	3868	3.236481349702998
4517	2133	3.032624490731862
4517	2137	3.55911341167275
4517	1196	3.7293880908196124
4517	1198	4.060352048143833
4517	2141	3.1791860791305613
4517	2144	3.647436971589496
4517	2145	3.3557845220070495
4517	3893	3.315432590103973
4517	3897	4.082295419946344
4517	2161	3.4148735275529756
4517	2163	2.3543312828507075
4517	2174	3.754038403990172
4517	2193	3.168965862442044
4517	3147	3.9198103949943626
4517	2520	2.8204559806856486
4517	1584	3.617176257012772
4517	3543	3.4782781441037876
4517	1945	3.9740799576331187
4517	3552	3.414547812312997
4517	1958	3.348817697633806
4517	1961	3.911576123963761
4517	36	3.636463572780658
4517	2915	3.340213231188994
4517	50	4.502381921811287
4517	3591	3.120258580976483
4517	1994	3.4946521971472566
4517	1995	2.111705402277503
4517	1997	3.665160559912658
4517	1206	3.871071761061522
4517	1214	3.769458260357289
4517	1219	4.060789023169439
4517	1222	4.043129855997077
4517	1240	3.513216079368267
4517	1246	3.806054093907432
4517	1258	3.935889393704296
4517	1282	3.4677627118923016
4517	1291	3.7681220767935257
4517	1673	4.01765611907179
4517	2640	3.361645514347999
4517	3608	3.6373959277685475
4517	2692	4.0726270051097755
4517	3671	3.524661360819814
4517	3698	2.959864928212898
4517	1300	3.8152330161138353
4517	1307	4.1933630276393155
4517	1333	3.6873607409907745
4517	1345	3.405078124779811
4517	1380	3.5210788842510374
4517	2329	3.8579387704794783
4517	1381	1.6156630865007324
4517	1387	3.977517247541971
4517	899	4.070885583614825
4517	2374	2.6225709197965346
4517	2375	2.6525001084131743
4517	2378	2.6999726984514703
4517	2382	1.4916740804536084
4517	110	3.4884334308695317
4517	2383	1.415104700669315
4517	2399	2.3236072690041456
4517	2716	3.796267987941799
4517	2717	2.536366497916935
4517	160	1.7731586400363584
4517	3388	2.5177746967642514
4517	174	2.145677494378657
4517	3397	3.5754043383029095
4517	3398	3.3106916292145696
4517	2797	3.6970769533145575
4517	2000	3.2208927490651997
4517	2003	3.3182367983188783
4517	2005	3.597627153145778
4517	2011	2.999471380936167
4517	3753	3.2995083604918394
4517	2014	2.795305480532467
4517	542	2.411537538096569
4517	1081	3.2307007380543418
4517	1088	3.051645585140385
4517	1091	2.5021821640223867
4517	1097	3.7573977379354253
4517	1099	3.687884129949356
4520	592	3.879216320672289
4520	2406	3.921995475744506
4520	2455	3.7345746351475197
4520	2459	3.4684045054132993
4520	2460	2.5699862246201497
4520	253	4.013985011154976
4520	3499	4.193712119818767
4520	1101	3.8586120521598812
4520	2867	3.6044516353144584
4520	1128	3.1165049474049806
4520	1129	3.7437155313074877
4520	1130	3.554066204088329
4520	3826	2.828170645764309
4520	610	3.881705067074361
4520	3837	3.0943741675699044
4520	2105	3.5122689295383536
4520	2107	2.9945005276187966
4520	2119	2.489318488193144
4520	2120	3.1349363696913626
4520	3104	4.076017958572539
4520	3107	3.679497405309661
4520	2194	4.2462358271829235
4520	1552	3.3560966289416316
4520	2513	3.161770058718725
4520	2525	2.5071975494963157
4520	3519	3.4804230271696843
4520	1954	4.211693324217615
4520	2902	2.63918254976464
4520	1969	2.572119105519663
4520	1970	2.857578079060396
4520	1982	4.094709809492387
4520	1983	3.0252830316513672
4520	1997	4.43244316521839
4520	382	3.200329828703066
4520	2947	4.16251750166466
4520	70	3.537306426630786
4520	1210	4.297678078312103
4520	2951	4.191530129565815
4520	1222	4.396573713471925
4520	3917	3.3557691260696743
4520	3918	3.014184004804401
4520	3919	2.495390335771436
4520	2989	3.6501367001288747
4520	2990	3.3364356349965885
4520	2993	3.8196981495964746
4520	1258	4.406703258140383
4520	1261	4.043180124227298
4520	1263	4.336978058575468
4520	1272	4.451744457152168
4520	1291	4.277128978297602
4520	1616	3.2194875967540963
4520	1644	2.9117635613328523
4520	1645	3.6672947375996268
4520	2617	3.4285090512266674
4520	1690	3.1553905224326986
4520	2640	3.722651010787538
4520	3633	3.5997331582014334
4520	3635	3.7649326334500635
4520	3639	3.7943329701953723
4520	426	3.202726723981698
4520	1320	3.2351901044580007
4520	1327	3.169449247331869
4520	1339	3.731685754718369
4520	1346	3.3476041562518892
4520	1347	3.7490388011227282
4520	2315	2.6359672836145913
4520	1374	4.20675764003317
4520	842	2.924460896033475
4520	1376	3.8753482656795217
4520	1378	3.6759048594586
4520	2327	3.078462919103845
4520	1387	4.557131756409335
4520	1388	2.8405134231199676
4520	858	4.772372563534614
4520	2363	3.5187989178351207
4520	2367	3.0225851212653247
4520	1717	3.233579645516997
4520	2377	3.167388689060379
4520	1754	3.6517463799976055
4520	1769	3.3252586285838244
4520	2717	3.060668071411362
4520	2719	2.6534317303483976
4520	2746	3.524746044502478
4520	2747	3.559728567068073
4520	3702	3.925408918267695
4520	3703	3.9733374017334135
4520	2000	4.232630797639049
4520	3740	3.6724287183619087
4520	2002	3.3466579277886304
4520	2026	2.91021913618512
4520	3785	3.3744400355772446
4543	3083	3.988199997799578
4543	1173	3.353637856316958
4543	3535	2.933563172515056
4543	3551	3.9014768882996855
4543	3911	4.108585005287633
4543	1246	3.6837554059673057
4543	1252	4.507022881111387
4543	1260	4.213837127826641
4543	2664	3.912375663554982
4543	1030	2.7150571738998863
4543	3753	3.952007737283673
4562	1958	3.211176698844204
4562	1220	3.7227385874284056
4562	1028	3.6032530809424554
4562	1073	3.521862050460325
4579	3793	3.7556855684387993
4579	3000	4.180709708872085
4579	599	4.146367739139676
4579	3044	3.83273993302876
4579	3429	4.314521188196951
4579	3452	3.1948781909003316
4579	3456	3.8405739615091745
4579	3471	4.1462529299849535
4579	3481	3.7770842997019445
4579	3483	3.151770737653513
4579	2858	4.080008129439638
4579	608	4.609646785549784
4579	1177	4.009588655566381
4579	3893	3.5460236777609513
4579	2187	3.4356926553849774
4579	3148	3.9916799217747574
4579	3555	3.5932546284694595
4579	3571	3.3320701137686344
4579	50	4.486499416268067
4579	2966	4.03497838805218
4579	1244	3.9821466282582776
4579	2203	4.206864289594676
4579	1617	4.089050683609177
4579	3615	3.244625340255104
4579	3624	3.79271852082996
4579	480	3.945699729650925
4579	2324	4.408375389096548
4579	2762	4.463881749787918
4579	527	4.825953292157287
4579	3745	3.4859165035406785
4579	3783	4.07063780941328
4579	3785	3.0500914812678888
4585	903	4.556999656057162
4585	3424	4.175376636398531
4591	2406	3.2632419674713726
4591	3452	2.728359602724445
4591	252	2.8583037357936365
4591	3471	3.6204852329639614
4591	2835	2.3482310419719146
4591	296	3.7649747249682632
4591	3812	3.156416637359694
4591	1136	3.9482171412432217
4591	3852	3.3174627633780833
4591	1500	3.4270636809515467
4591	3105	3.3922839624420136
4591	2194	3.538361462367539
4591	3555	3.1449743608623018
4591	32	3.552616241473839
4591	3949	3.8378027808605495
4591	3952	3.3424607685790226
4591	1277	3.441008257671754
4591	2640	3.164087720407619
4591	2692	3.768376490636279
4591	858	4.0901831743678185
4591	1711	2.8440755126066164
4591	2380	1.7058228916444704
4591	2761	3.6322440709729844
4591	1084	3.6586404406963524
4593	3822	3.6363405259337216
4593	1684	3.6465610821628487
4593	3756	
4600	908	4.577002633961499
4600	923	4.668082557325951
4600	2804	4.540308430974388
4600	1876	3.315554857544591
4600	260	4.82938892217657
4600	2858	4.441554561764081
4600	2881	3.4693579477868526
4600	1197	4.719227068545258
4600	2155	3.5407115096128496
4600	1517	4.522590425281362
4600	2597	2.9220261836382964
4600	3591	3.5994451388061375
4600	1222	4.451090704813827
4600	3210	4.101281639970368
4600	2617	3.410754559911045
4600	2683	4.069426998758317
4600	2391	3.9384124745857942
4600	2700	3.8597172700571076
4600	3712	3.4802689514458507
4604	2081	
4604	912	
4604	2409	
4604	2411	
4604	3087	
4604	3098	
4604	3424	
4604	223	
4604	260	
4604	3481	
4604	1101	
4604	296	
4604	1127	
4604	2115	
4604	1196	
4604	1198	
4604	3897	
4604	1912	
4604	2571	
4604	3527	
4604	1954	
4604	1968	
4604	2918	
4604	3578	
4604	47	
4604	50	
4604	69	
4604	1213	
4604	2959	
4604	1221	
4604	1225	
4604	1240	
4604	1246	
4604	1257	
4604	3948	
4604	1266	
4604	1270	
4604	1291	
4604	1297	
4604	2245	
4604	1610	
4604	2605	
4604	1673	
4604	1674	
4604	2640	
4604	2641	
4604	2642	
4604	3617	
4604	2694	
4604	1307	
4604	858	
4604	1704	
4604	2371	
4604	2700	
4604	3361	
4604	2706	
4604	2716	
4604	2769	
4604	1036	
4604	2795	
4604	2797	
4604	527	
4604	2000	
4604	2003	
4604	2005	
4604	1060	
4604	2020	
4604	1089	
4604	1097	
4607	3798	
4607	2433	
4607	3408	
4607	2490	
4607	233	
4607	2827	
4607	2841	
4607	2842	
4607	299	
4607	3826	
4607	1513	
4607	3157	
4607	2502	
4607	3160	
4607	3175	
4607	2598	
4607	3543	
4607	43	
4607	2961	
4607	2987	
4607	3952	
4607	3219	
4607	2605	
4607	3273	
4607	2683	
4607	2688	
4607	2699	
4607	2310	
4607	2337	
4607	2355	
4607	2394	
4607	2395	
4607	2396	
4607	3354	
4607	2701	
4607	2709	
4607	2712	
4607	2716	
4607	2722	
4607	2723	
4607	2734	
4607	2763	
4607	3717	
4607	2770	
4607	3745	
4607	3752	
4607	2013	
4607	1093	
4611	901	3.536574506950914
4611	902	3.808859274381786
4611	910	4.120659364470333
4611	914	4.03477285946582
4611	915	3.8669439436261164
4611	916	4.060873662336167
4611	924	3.870671338637947
4611	265	3.819242457091429
4611	647	3.402065002924586
4611	1197	4.102332375766172
4611	3598	3.3097591566648545
4611	1258	3.909650306942519
4611	1307	3.991737482384373
4611	1398	3.1184185453784377
4611	1066	3.9024081844699685
4624	1242	4.432395826931518
4624	2617	3.493398186989504
4647	2930	3.7570486123587927
4647	3943	2.6884751987921773
4647	3949	4.200252664487513
4647	2770	3.2171405446832395
4656	3452	2.8213801105848093
4656	1212	4.140942421399498
4680	3481	3.490457623392983
4680	3893	3.134106588999288
4680	3911	3.781973630441674
4682	2446	2.423719154217685
4682	1188	4.5486338639562085
4682	1901	3.5111627868857047
4682	11	3.3539559327998236
4682	3911	4.005142221244048
4682	3949	4.201317122074226
4682	762	2.4082006591290694
4682	2278	3.805532905229416
4682	2280	3.507072371801305
4682	2297	3.5293766902759454
4682	1746	2.6578082642881355
4682	1784	4.456086818351098
4682	3754	2.339011926782778
4708	592	3.6260268415283647
4708	3060	3.863904149818705
4708	2453	3.258099760488701
4708	3421	4.084330146739132
4708	1853	2.2590890051166133
4708	2804	4.188675823965014
4708	3471	4.01886633812885
4708	3481	3.84115647232881
4708	1127	3.623238672614436
4708	616	3.3270770749784755
4708	3852	3.744997076663118
4708	2137	3.8576612454400214
4708	3897	4.248836528970964
4708	3105	3.7932266956949365
4708	1517	3.8365172562604344
4708	3148	3.9809078179583364
4708	2572	3.3955147358763558
4708	345	3.727490669634667
4708	1968	3.957640299368801
4708	34	3.7805756651861775
4708	3578	3.9997205301254315
4708	1200	4.075944902479796
4708	1203	4.2483059215070345
4708	2683	3.501549190078858
4708	3683	4.245033154746575
4708	2355	3.7838873893047964
4708	3317	3.964877406086724
4708	2706	3.8394125329675064
4708	3363	4.018383972119487
4708	1007	3.0139712811904773
4708	3710	2.271093870450812
4708	2791	3.9716725098443235
4727	3481	3.7154298480338093
4727	3185	3.2583050457239913
4727	3536	3.574133070110232
4727	3911	4.07260635930028
4727	527	4.339064707935984
4727	3753	3.836559479673622
4751	3952	4.165782680936529
4764	1	
4764	3827	
4764	3114	
4764	3510	
4764	3753	
4771	261	3.579279749466666
4771	2573	3.353035392097336
4771	2908	3.9232304389015087
4771	85	3.3156772151209752
4771	766	3.5618267670494315
4771	1678	3.772786366058066
4771	2674	2.618676405243653
4771	1393	3.6264339857498933
4771	2725	3.6314732665822813
4771	1041	3.9036811804970175
4785	3408	4.124349520495122
4785	3505	4.094788826015961
4785	383	3.486107454256033
4790	3794	2.9472170824699138
4790	3795	3.0482195576293245
4790	1449	3.857062692662741
4790	3408	3.5339445995485326
4790	3160	3.5319240598958865
4790	337	3.4384476726186652
4790	3556	3.20425102592915
4790	3911	3.8202136391512327
4790	3949	3.9079392523648133
4790	3952	3.419790152243426
4790	3289	3.4514627457945193
4790	3317	3.644005707095496
4790	3746	3.4601659880117666
4790	3747	3.3847911357207034
4790	3751	3.5611965481600545
4790	3787	3.3834111388758124
4791	2279	2.6168864120553335
4791	1358	4.152733754171171
4802	589	4.5711753635714265
4802	597	4.197749569002492
4802	944	4.371481112157085
4802	949	4.4554365663240745
4802	2435	3.5872404407788006
4802	265	4.446396060738492
4802	3826	3.0595899679605267
4802	3827	3.8914492987408966
4802	3867	3.775123623699885
4802	3871	4.291896547931921
4802	2132	4.465617353819127
4802	2137	4.289716806879328
4802	3882	3.740155085028247
4802	3148	4.4235387113904805
4802	3169	4.0376886684752575
4802	3181	4.196415148765203
4802	3546	4.139558311126089
4802	1943	3.719945229026933
4802	1944	4.516939605318691
4802	50	4.930357689627109
4802	1200	4.6391619610005685
4802	1208	4.749557039661741
4802	3906	3.757889870653075
4802	1228	4.665585376923323
4802	2969	4.322716399167955
4802	1231	4.577643990299316
4802	1247	4.726667160129283
4802	2993	4.171394205981927
4802	1262	4.845676341727336
4802	3952	4.238597326981126
4802	3201	4.418176968630371
4802	1643	4.35347188334214
4802	3256	4.21392604139982
4802	2612	4.52039254210333
4802	3618	3.828802368252571
4802	2671	4.189050386138641
4802	3623	3.566011313234828
4802	424	3.0832038894701697
4802	2313	4.4497528398612545
4802	2324	4.790494760885002
4802	1393	4.334065754500188
4802	1394	4.541239910670372
4802	2340	3.7830858530574876
4802	3301	3.8479927463846817
4802	3317	4.445012754788356
4802	1735	3.6481565633191
4802	147	3.9243059873187036
4802	3364	4.477202088411663
4802	500	3.9249520014912136
4802	1036	4.610656112383061
4802	3751	4.279949867485768
4802	3753	4.161346027375844
4802	1083	4.022175860042252
4802	1090	4.552669126251615
4805	2076	3.676345726521058
4809	2424	
4809	3408	
4809	2493	
4809	2803	
4809	272	
4809	3100	
4809	2539	
4809	50	
4809	52	
4809	2943	
4809	728	
4809	1271	
4809	1633	
4809	1641	
4809	3255	
4809	3256	
4809	2611	
4809	2696	
4809	471	
4809	2302	
4809	2359	
4809	1747	
4809	144	
4809	2759	
4809	529	
4815	2064	4.5693689488059235
4815	903	4.792778014675793
4815	904	5.011206582928968
4815	910	4.815855775354677
4815	3049	3.803510576580558
4815	913	4.882616208076625
4815	915	4.53097581813896
4815	916	4.7159239235946515
4815	919	4.775074499291641
4815	923	4.918340277781041
4815	949	4.519176920069661
4815	951	4.794010918868939
4815	955	4.70308861313138
4815	959	4.294995986178716
4815	3098	4.37959883224373
4815	978	4.404746408820026
4815	2804	4.743440792661031
4815	3467	4.49121528818228
4815	3468	4.784359017011232
4815	2859	4.782597325325462
4815	2863	4.471247510851038
4815	1162	4.3251059898907815
4815	2117	4.242828828327136
4815	1193	4.91323151501046
4815	1198	5.014595835877366
4815	3893	4.035575852956222
4815	3897	4.764402371688106
4815	3198	4.613811593161151
4815	2553	3.946056414355502
4815	2572	3.91327590436222
4815	2599	4.400108084314983
4815	3543	4.422902578940371
4815	1940	4.401574569397996
4815	1945	4.775057899357984
4815	1949	4.760406823258426
4815	1950	4.670696723466408
4815	1952	4.640234174396294
4815	1954	4.522081401661615
4815	1958	4.108496084648113
4815	25	4.134571275809657
4815	2908	4.486401637262521
4815	36	4.436796864901765
4815	50	5.07200506239242
4815	1204	4.919160343913225
4815	1207	4.911268173525847
4815	3910	4.412261170749879
4815	3911	4.700680001517601
4815	1231	4.639695585117903
4815	2973	4.611667943315164
4815	1234	4.870737535927878
4815	2983	4.529268625488955
4815	1247	4.776079911229853
4815	3932	4.271709604817935
4815	1250	4.937188087889986
4815	1252	4.833537575330989
4815	1254	4.7724669282231575
4815	1256	4.766538221230121
4815	2996	3.9534723158631615
4815	3948	4.228680741813827
4815	1276	4.7895221653828886
4815	1281	4.419549347071564
4815	1287	4.669464671663128
4815	1293	4.677601251984717
4815	1294	4.694644686318441
4815	1299	4.746569452793903
4815	3200	4.384938408535965
4815	3201	4.503760285298778
4815	1617	4.641576283922538
4815	2287	4.0444776463814165
4815	2677	4.519844209538382
4815	3634	4.742947482511163
4815	1300	4.653616518787671
4815	1358	4.735086329078713
4815	2313	4.539557641167653
4815	2324	4.863605609589751
4815	1394	4.53470938109328
4815	899	4.79670583051438
4815	3317	4.479236395473948
4815	3341	4.565175433592093
4815	3350	4.424639608719665
4815	3358	4.237462949055227
4815	157	3.319087339740695
4815	2762	5.018358328859608
4815	1041	4.511806528071033
4815	515	4.449032546039782
4815	1077	4.474045408207227
4815	1084	4.621690445449978
4815	1089	4.71883431591996
4815	560	4.218472899679224
4815	1096	4.482634807395918
4815	1097	4.572931322457364
4823	3083	3.7837652093882648
4823	1179	3.492722235196172
4823	1190	3.2138731465348007
4823	3598	3.132273531259907
4823	3783	3.718639916680464
4829	2117	3.8193350317924715
4829	3699	3.5591745184867243
4829	1374	4.053591014886522
4829	2011	3.4493621784060666
4831	1257	3.7013867394190427
4831	3952	3.540307165124675
4834	924	3.818507767548765
4834	951	4.1252502917534235
4834	3424	3.7578861647197574
4834	3471	3.9618800725746084
4834	3481	3.813387226184731
4834	628	3.729837845597927
4834	3844	3.5243927514463627
4834	3855	3.4631437345226916
4834	3886	2.877786682552892
4834	1544	2.7667014882572247
4834	2501	4.013285221884138
4834	2917	3.95047343808334
4834	362	3.223627658046079
4834	50	4.457171083752073
4834	3903	3.3972145276120718
4834	3911	4.012570991452785
4834	3948	3.539481124728127
4834	3952	3.639921337904561
4834	1272	4.158032919332874
4834	750	4.254070602903947
4834	2236	3.519816029017789
4834	480	3.4582655669645814
4834	1387	3.8673719006019285
4834	1388	2.494246991316037
4834	3316	2.785582388805806
4834	1754	3.288793331794485
4858	2572	3.647635872994877
4858	3317	4.220961259374782
4861	3756	
4933	3078	3.622068542802886
4933	3507	4.040805911687291
4933	426	2.994706732000538
4933	2009	3.548114653557461
4934	915	3.7721634323177775
4950	272	3.39964557730123
4950	2137	3.559833069897455
4950	1222	3.8620270153428384
4950	2268	3.7041490466650706
4950	2617	2.98602778659789
4950	2730	3.213136032476188
4951	216	3.4514010667678217
4951	3911	4.3590312383439285
4979	3852	3.143952551554173
4979	3893	2.8656600269830066
4979	3897	3.632702756583844
4979	3943	2.1491818551747515
4979	2631	2.2292737237369176
4979	3618	2.7920190348783027
4979	3661	1.5725587456392507
4979	3666	2.1339243278515765
4979	2018	3.209546783666648
4983	2054	2.92077757303393
4983	2057	3.3012504449028564
4983	588	3.7779571965763576
4983	594	3.8109841115571674
4983	596	3.766306394860066
4983	2080	3.752287049061336
4983	2085	3.5530950644434003
4983	2087	3.6316009988149096
4983	2089	3.21088179262675
4983	3034	3.655651536233262
4983	2090	3.3997385682546684
4983	2096	3.67414263367169
4983	2097	3.3640291152797897
4983	2400	2.9778667269755954
4983	3400	2.695413785287507
4983	1806	2.840614919414256
4983	262	3.8376181026710614
4983	3483	3.073034632474825
4983	2876	2.695828556040224
4983	616	3.306773250102637
4983	2137	3.811792533333871
4983	3157	3.102949636449364
4983	13	3.23399343057063
4983	1282	3.901945913496992
4983	1654	3.157877791273872
4983	421	3.2020437167820077
4983	455	2.5850982263138182
4983	3672	3.008215254971257
4983	1367	2.941211055303289
4983	888	2.4953232927240476
4983	2384	3.2801768598410197
4983	2709	3.1709233668351136
4983	1010	3.1973195525302907
4983	1012	3.6776290132691045
4983	1016	3.1514175173359638
4983	1017	3.5414991190610636
4983	1028	3.817153033111708
4983	1030	3.0475606740129235
4983	1031	3.4016362539624834
4983	1032	3.6765605480815307
4983	1033	3.3971277981749712
4983	531	3.7817848522708513
4983	3751	3.8989368011499055
4983	2015	3.459583004128002
4983	2017	2.95974653781714
4983	2018	3.7202173631060225
4983	2043	3.2917779281720314
5011	2834	3.393482720218584
5011	3863	3.1922036181068063
5011	3882	3.197354039388815
5011	3594	3.2593903009387475
5011	1226	4.050473905643787
5011	3354	2.564794093537596
5011	3751	3.817461640891229
5046	3827	3.407565957593151
5046	3865	3.3658804575001318
5046	3893	3.544218001561088
5046	3598	3.504551064200181
5046	3911	4.224849012943451
5046	3317	3.9913385423032404
5054	3795	2.9566095551236327
5054	919	3.8566391707937213
5054	928	3.724312378958517
5054	3471	3.642802813517357
5054	1162	3.3498115156280215
5054	1178	4.027677376455548
5054	2122	2.0650093644330583
5054	3510	3.3745780067429587
5054	1958	3.1451092049641556
5054	1230	3.7761761763913904
5054	3948	3.229654398797764
5054	2245	2.994510910917176
5054	2285	3.3543427597682616
5054	3654	3.4824951947519343
5054	2351	3.765965354548251
5054	3341	3.5686307655180536
5054	3736	3.166698050243811
5054	550	2.6416687568848585
5090	3827	4.0509904953464
5090	3893	4.093936543424505
5090	3176	3.93908661881415
5096	3044	3.397570904731086
5096	1459	2.8582372598094854
5096	1805	3.076138515998569
5096	3481	3.5412572265692397
5096	3809	2.8741355144184557
5096	648	3.003329915339678
5096	318	4.18602992833701
5096	1957	3.298285258148372
5096	2959	3.7191721677475376
5096	2268	3.500213612975115
5096	1625	3.4220669035726146
5096	1645	3.0214575057381223
5096	800	3.5907748627987846
5096	3300	2.8179378098868417
5096	1711	2.845799024110578
5096	1732	3.267463789945242
5096	3354	2.099594652889141
5096	2023	2.950144911186993
5100	2409	3.0238261770474133
5100	3114	4.032733417539989
5100	3578	3.9080286698427558
5100	3916	3.755645079438722
5100	1388	2.4505260277834053
5118	3745	2.583472877757067
5118	3751	3.0458467405741576
5126	3408	3.6351823265066843
5126	3535	2.962447896141535
5157	2065	3.666201381505892
5157	900	3.896148067631605
5157	912	4.509715479914887
5157	920	4.140638289479845
5157	3421	4.187758993041107
5157	265	4.025683303295646
5157	1172	4.387106290773028
5157	1947	4.131730674973683
5157	58	4.190760260033968
5157	1234	4.448851897907448
5157	1244	4.195108272869943
5157	1247	4.3600797042716355
5157	1296	4.1022051738241965
5157	3241	3.9449131769984462
5157	1674	4.10043765619467
5157	899	4.364887802924191
5157	2020	4.086948782003669
5172	589	3.6633811806675083
5172	1407	3.366245166406571
5172	2065	3.3138754651454856
5172	2067	3.6658872204427424
5172	2069	3.4378954674695907
5172	2078	3.5028450018936446
5172	2085	3.3848452372264606
5172	900	3.5329898204830767
5172	903	4.0491076233326835
5172	904	4.1848209457291405
5172	908	4.103768411693115
5172	910	3.9636875134867697
5172	912	4.200951653702292
5172	913	4.095120987570794
5172	914	3.8238707691140865
5172	919	3.9909636782895705
5172	920	3.752746106370562
5172	923	4.144851926530575
5172	3061	3.6058477710612036
5172	3067	3.6173783502936656
5172	930	4.0520177255715435
5172	933	3.8370230776930403
5172	3072	3.64257354975667
5172	940	3.648923806071364
5172	945	3.8679052049205276
5172	950	3.967150175324428
5172	953	4.065986969329861
5172	954	4.009474827901728
5172	3090	3.8144770361384364
5172	3408	3.553856040967663
5172	3418	3.3431992700651856
5172	3424	3.670627490451337
5172	1834	3.729564257869093
5172	3467	3.651067757086636
5172	281	3.3781614001742755
5172	2857	3.4498765591284717
5172	2863	3.615506693163609
5172	1124	3.4073163784781433
5172	2866	3.404788751870795
5172	3813	3.1058234325665013
5172	1132	3.950553374978155
5172	608	3.943871785727411
5172	2890	3.443775251034456
5172	621	3.4445609582086383
5172	1162	3.5506214416279116
5172	1185	3.64145909213765
5172	1187	3.460943613521811
5172	2130	3.5121451342010794
5172	1193	4.070206350381532
5172	678	3.9167875898964555
5172	3897	3.9642914073709523
5172	2174	3.384734092452572
5172	1584	3.3402874448513096
5172	2565	3.698320880280606
5172	300	3.421022996027081
5172	306	3.982797376748619
5172	3526	3.544715224410368
5172	3543	3.626294034158384
5172	3548	3.6290211968823507
5172	1947	3.7169135671473414
5172	3552	3.427539102340712
5172	1950	3.838615052965356
5172	1955	3.5406505328691074
5172	1956	3.677892507190663
5172	1958	3.1485561601445315
5172	1960	3.667759505389668
5172	1961	3.710590088622191
5172	1964	3.46534010218075
5172	1966	3.4405874579706555
5172	2912	3.5285932020394197
5172	2918	3.886801245641629
5172	364	3.598522449509897
5172	47	3.6561261636111713
5172	2929	3.1390600208258337
5172	50	4.077781666039688
5172	373	3.4790497850886384
5172	1206	3.746680460704747
5172	1208	3.9959087028784004
5172	1211	3.878572415227926
5172	1221	3.9341689599429195
5172	1225	3.9252078220745847
5172	1226	3.8202407449991123
5172	3911	3.892498319226964
5172	3916	3.626217816703365
5172	2973	3.82370238155455
5172	1234	4.083559709565342
5172	1238	3.73549275461831
5172	1240	4.030546127664417
5172	1242	3.8773982572558627
5172	1244	3.8449818655529944
5172	2985	3.388870507986726
5172	1247	3.988751338401046
5172	1254	3.9321025261297065
5172	1264	3.730237014741267
5172	1266	3.774083845266931
5172	1270	3.690462110216308
5172	1282	3.6184621580806966
5172	1283	3.8670590694782847
5172	750	4.322259771262513
5172	1284	4.049862444040964
5172	1285	3.6046845635597755
5172	2238	3.5244119327099015
5172	2239	3.509939259307893
5172	1292	3.7415286350390167
5172	1296	3.7364907331744464
5172	2248	3.8091675277680976
5172	3201	3.698168893490638
5172	2268	3.4631857489155857
5172	3210	3.4806313938167235
5172	1617	3.8422837362969475
5172	2289	3.760352430845542
5172	1633	3.402875536405771
5172	2294	3.2100896439957327
5172	1639	3.356487499986267
5172	1653	3.3731969247793874
5172	1673	3.34252219401626
5172	3606	3.6080044346534237
5172	3613	3.4709652342809196
5172	2677	3.700807655839626
5172	2692	3.893680899640412
5172	457	3.735239344859421
5172	3684	3.036680193842453
5172	3685	3.3348332965721035
5172	477	3.1869127595123707
5172	1307	3.7249047878540003
5172	2300	3.8809975942789743
5172	2302	3.4917517286056445
5172	2303	3.638951422390155
5172	2321	3.5011007425889327
5172	858	4.017668229053926
5172	2333	3.528515896190861
5172	1394	3.879640965505348
5172	2345	3.119544644592609
5172	899	3.9647198247495856
5172	111	3.89056571414852
5172	1729	3.4275318902529195
5172	3334	3.8110475977625398
5172	3341	3.772184098970148
5172	3359	3.814289071254297
5172	3360	3.6447207928040153
5172	3363	3.805336497209124
5172	150	3.7132670162653185
5172	2716	3.5776830215285496
5172	2730	3.227323932319823
5172	2739	3.647391688251101
5172	2761	3.754461503979725
5172	3711	3.1915736725624217
5172	3728	3.6038130464036184
5172	515	3.643902368674362
5172	2788	3.868361456907216
5172	3730	3.9810258334962203
5172	3735	3.6920681279794936
5172	2791	3.4381131727781065
5172	529	3.777646737774138
5172	541	4.077397767327524
5172	1077	3.692689881220196
5172	1079	3.6724164106210813
5172	1081	3.3093756922828166
5172	1089	3.788208024602016
5172	1090	3.566667123537993
5172	1095	3.5816688718421688
5172	1097	3.610447363191847
5172	3788	3.481521909125619
5222	3412	2.802705652650335
5222	2571	3.5785402213803277
5222	1218	3.6027447631475664
5222	2028	3.6165126261650418
5233	2073	3.5404390641432557
5233	3169	3.4595296291342645
5250	949	4.200319006923055
5276	2081	3.7660899785322615
5276	1474	2.4227387909139217
5276	3446	3.41996313394378
5276	1148	4.472813915589139
5276	1517	3.7922738634880497
5276	2506	3.317464232272186
5276	1580	3.8508873554841387
5276	1900	4.073551006472201
5276	1923	4.022432407995409
5276	2599	3.8541022493124455
5276	17	4.004578255344825
5276	34	3.964136013623229
5276	380	3.787716080875525
5276	1213	4.3501895809884665
5276	1248	4.229814316055793
5276	2248	4.019571426557092
5276	1641	3.873530176966652
5276	1648	3.4452125517364998
5276	1665	2.755371135873393
5276	3658	3.687188433231818
5276	1343	3.7264114375151642
5276	2331	3.217962445605829
5276	2355	3.794832774351074
5276	2396	4.0456511988124575
5276	2706	3.7672058842922604
5276	1784	3.993205738629787
5276	186	2.8554018864388593
5276	2762	4.445624006986047
5276	527	4.46682332640243
5276	562	3.793038693233123
5277	1148	4.063067932377788
5281	3512	3.838482233913533
5302	656	3.286496490623921
5302	3537	3.6804681318795103
5304	3578	3.8385818037223256
5312	2080	3.9740810997650855
5312	3082	3.642071592794178
5312	2861	3.34478353414647
5312	3863	3.4745073585176875
5312	2137	4.065139902335299
5312	2149	2.5033630461991203
5312	2523	2.5304828373232326
5312	1984	2.369263770516987
5312	3287	3.0151890925058713
5312	1687	3.37081353805032
5312	111	4.4538329389041555
5312	569	3.1852454515646476
5312	2040	3.1531089548089843
5319	3793	
5319	3408	
5319	3863	
5319	3535	
5319	2908	
5319	3593	
5319	3911	
5319	3285	
5319	3618	
5319	3328	
5319	3785	
5329	3067	4.017712417745263
5329	1483	2.9655045468310566
5329	1173	3.5178316777486964
5329	1204	4.534284537412423
5329	3916	4.082764738658322
5329	708	3.612100607887866
5333	3798	3.4700341269960497
5333	2062	3.2801786938588955
5333	592	3.8617584479581053
5333	904	4.524596315240205
5333	905	4.286678757979779
5333	1442	3.2621692476218906
5333	911	4.225817973304173
5333	3051	3.0156786261924586
5333	1459	3.454371228698161
5333	928	4.2271208375144695
5333	3082	3.524931695385579
5333	222	3.639280970628514
5333	223	3.9725126220764184
5333	224	3.462172613476344
5333	3448	3.7958252955950504
5333	3450	3.5371985260548584
5333	2802	3.1484607948181145
5333	1876	3.3529220507608817
5333	3484	2.8623234650249585
5333	279	3.723425008634455
5333	1894	3.0651602306380306
5333	289	3.534917791019784
5333	2840	3.037996494311207
5333	2883	3.669641118053074
5333	2885	3.6154923275147275
5333	2890	3.8481395099235502
5333	1172	4.362384245491652
5333	1179	3.8004474783579436
5333	647	3.6088237965012557
5333	2125	3.8747040347326065
5333	2139	3.9066803087690443
5333	3896	3.4266732648176923
5333	2166	3.611820952330376
5333	691	3.2006483866714186
5333	1517	3.7213915227376417
5333	3125	3.669469434648938
5333	3128	3.4583849840676812
5333	2194	4.1047055072138265
5333	2197	3.803887441787088
5333	3161	3.6232481828965257
5333	3169	3.65269185210126
5333	1573	3.464249055133384
5333	1584	3.8501636690678103
5333	2546	3.0806157967615713
5333	1907	3.8016713546181493
5333	3510	3.924056638642069
5333	300	3.8228788990593383
5333	2573	3.525109326572394
5333	2577	3.398892846572789
5333	3534	3.2135039598762978
5333	3556	3.642709048737213
5333	3562	3.3556330914474723
5333	1968	3.9468954895096653
5333	45	3.4627694844695216
5333	3591	3.5385461806247998
5333	1212	4.522032532212527
5333	1219	4.320199151914914
5333	2959	4.036351217901052
5333	95	3.0186050429899183
5333	3911	4.251891396502338
5333	1235	4.235900528992254
5333	2976	3.0435913631826335
5333	2978	3.0095201682824824
5333	1257	4.010733955647094
5333	2997	4.2043908201814695
5333	1276	4.2914898630047364
5333	1278	4.220786835628914
5333	1283	4.238955746654298
5333	1285	3.8747190475993407
5333	3203	3.798594263202384
5333	2266	3.0020179031013203
5333	2289	4.057778716988746
5333	2687	3.744463642250303
5333	2694	3.2114249710971383
5333	440	3.885526244583798
5333	3686	3.3421769537193335
5333	3688	2.875255376177066
5333	830	3.0946620278698043
5333	837	3.552098151152998
5333	852	3.3291953277337507
5333	105	3.324460800935045
5333	148	2.9115204493757627
5333	2739	3.9880682748176053
5333	1005	2.433878960142272
5333	195	2.9212797803074673
5333	2759	3.4184142910104813
5333	1021	2.8573877657333067
5333	2764	3.7404752646072335
5333	520	3.063346197478866
5333	1057	3.627523579496206
5333	2024	3.4096445623334786
5333	2042	2.7424193965143635
5359	3882	3.2507282203008248
5359	1228	4.100763382460446
5359	1274	3.9632031354948505
5367	1939	4.217752412560178
5367	3949	4.389601127100346
5367	2617	3.470456374394916
5367	1073	3.9824761386696976
5387	3884	2.440756473239209
5397	3793	3.3134195896842313
5397	3019	3.3591404239609135
5397	2076	3.2808548046859722
5397	919	3.716687794408655
5397	923	3.8800598156188464
5397	3095	3.6067664573589258
5397	3421	3.5689792885062293
5397	3809	2.8809423299079424
5397	2114	3.128793368928715
5397	2137	3.3326638220524862
5397	3896	2.826732012965323
5397	3897	3.737770059901549
5397	2168	2.6481039586580652
5397	2194	3.4447051078052713
5397	1573	2.887766039134361
5397	1945	3.7265464726179913
5397	1968	3.3430391236841177
5397	32	3.392290703627443
5397	42	2.3888658430557537
5397	1210	3.542871231746386
5397	1219	3.731985004212261
5397	1220	3.4089550919712823
5397	1227	3.320402112998324
5397	3916	3.4250433224843526
5397	708	2.9146761080881105
5397	1270	3.49285679275154
5397	750	3.9106820577719614
5397	1299	3.6915578898760755
5397	3257	2.3440409227401036
5397	3676	2.893931395255202
5397	1342	2.395798187541125
5397	100	2.5559704994494403
5397	3361	3.3174590259436028
5397	2791	3.432170976171689
5397	2000	3.4076964390558975
5397	1082	3.2445309351277505
5397	1084	3.5781231728313396
5397	1092	3.0400577399145785
5405	3798	
5405	909	
5405	910	
5405	913	
5405	924	
5405	3824	
5405	3185	
5405	2546	
5405	3534	
5405	2598	
5405	1942	
5405	1959	
5405	2906	
5405	1204	
5405	1206	
5405	3909	
5405	2997	
5405	3952	
5405	2369	
5405	2716	
5405	2724	
5412	3007	4.037578866971355
5412	3052	3.8494585782413755
5412	272	3.72192017551871
5412	1188	3.9997484178166363
5412	1517	3.8079865516780456
5412	3159	3.831093596405177
5412	2565	4.022556031154852
5412	1954	4.024646577646835
5412	1961	4.146830379341838
5412	2915	3.683922474977295
5412	1204	4.481867073884484
5412	1249	4.031717963147451
5412	1266	4.150853094822572
5412	2686	3.991884255480296
5412	150	4.0629615383455
5412	2712	3.3140856205355966
5413	678	4.737113041993412
5424	1	3.9845533676046623
5424	3088	4.0834605333136835
5424	955	4.140968395614074
5424	3421	3.9787643872586154
5424	1136	4.319449189612879
5424	2542	3.80057127495342
5424	2918	4.115087708721886
5424	1220	3.923864249291723
5424	3911	4.151044802291364
5424	1234	4.298744351724603
5424	1235	4.13517746591213
5424	1265	3.8183538372985266
5424	1269	4.195143197352461
5424	1270	3.9704418368017325
5424	1278	4.187695497710712
5424	3671	4.000852228050874
5424	1304	4.154016028168437
5424	1394	4.067540051796219
5424	3363	3.9483600409663717
5424	3396	3.7640071143783307
5424	2791	3.8174157827185096
5424	2797	3.792129314082923
5447	2067	
5447	1416	
5447	2083	
5447	3094	
5447	969	
5447	2877	
5447	1946	
5447	1947	
5447	11	
5447	1220	
5447	2969	
5447	2971	
5447	1265	
5447	2657	
5447	3604	
5447	3668	
5447	3675	
5447	2300	
5447	1380	
5447	107	
5447	539	
5447	1088	
5450	3000	3.666302834537192
5450	3086	2.9859433992569206
5450	3412	2.9437521635556303
5450	3424	3.5578687862646574
5450	3812	3.0840659275397604
5450	2117	3.2591597622128923
5450	1173	3.001117818442244
5450	678	3.86438612634684
5450	1517	3.332667031361069
5450	2542	3.3715807987452906
5450	300	3.339108776693192
5450	3526	3.340626564201065
5450	2599	3.4166728501982853
5450	3547	3.247376160996352
5450	10	3.179611682484054
5450	3552	3.4826761657128404
5450	1962	3.4070812927390803
5450	2918	3.6173622902810783
5450	3578	3.1344549953497096
5450	364	3.515229675950684
5450	47	3.5115551728825043
5450	58	3.7669024206171033
5450	1222	3.5568441910598154
5450	705	3.4634836199432475
5450	1246	3.3702258555524227
5450	1297	3.3029632473159585
5450	1614	3.0252747974839345
5450	2282	3.034812003193813
5450	1643	3.4816522676240242
5450	1673	3.4439976923411937
5450	2626	3.0827428375945534
5450	1305	3.439347788085766
5450	2302	3.4901797285805336
5450	2333	3.3788688879404942
5450	1393	3.231535955070148
5450	3301	2.959864903584592
5450	1732	3.5146027082611133
5450	3340	2.5774578168384714
5450	2700	3.1729154430592184
5450	3363	3.5746249492333684
5450	1784	3.394489737869325
5450	171	3.1051942661847773
5450	1794	2.908747176969257
5450	1013	3.131126891807735
5450	500	3.009808817677749
5450	509	3.377338780952468
5450	2791	3.4005351811358273
5450	3752	2.4987930669283362
5450	1079	3.6972557732110443
5450	2021	2.996054855327453
5470	3408	3.6578181075443967
5470	3185	3.1838497870260554
5470	3510	3.5706966516469447
5470	3578	3.9575994172923292
5470	3751	3.6867765704948727
5475	587	
5475	589	
5475	593	
5475	3033	
5475	3040	
5475	3044	
5475	919	
5475	3052	
5475	3068	
5475	2423	
5475	231	
5475	235	
5475	3471	
5475	1101	
5475	1104	
5475	2858	
5475	2860	
5475	1125	
5475	1129	
5475	2871	
5475	1135	
5475	1136	
5475	3836	
5475	2890	
5475	2108	
5475	2109	
5475	2110	
5475	2118	
5475	1175	
5475	3868	
5475	1187	
5475	2134	
5475	1193	
5475	1198	
5475	2155	
5475	3897	
5475	3100	
5475	3102	
5475	2160	
5475	1517	
5475	3155	
5475	2502	
5475	3173	
5475	2542	
5475	3504	
5475	3505	
5475	3507	
5475	1904	
5475	2571	
5475	307	
5475	3524	
5475	3527	
5475	1923	
5475	2580	
5475	2581	
5475	10	
5475	1953	
5475	1954	
5475	21	
5475	353	
5475	356	
5475	357	
5475	2916	
5475	3578	
5475	367	
5475	371	
5475	50	
5475	377	
5475	3593	
5475	1994	
5475	1200	
5475	2952	
5475	1214	
5475	89	
5475	1221	
5475	3916	
5475	1231	
5475	2973	
5475	1240	
5475	1242	
5475	1244	
5475	1250	
5475	1252	
5475	1265	
5475	1266	
5475	733	
5475	3952	
5475	1276	
5475	1291	
5475	3204	
5475	2268	
5475	1610	
5475	2282	
5475	2288	
5475	1640	
5475	1641	
5475	3250	
5475	3253	
5475	3256	
5475	3260	
5475	3267	
5475	3270	
5475	3285	
5475	2640	
5475	2641	
5475	3614	
5475	2677	
5475	440	
5475	457	
5475	474	
5475	480	
5475	492	
5475	497	
5475	2301	
5475	2302	
5475	1370	
5475	1374	
5475	1376	
5475	1380	
5475	852	
5475	1388	
5475	1389	
5475	858	
5475	2366	
5475	3317	
5475	3358	
5475	141	
5475	2701	
5475	2713	
5475	3370	
5475	162	
5475	173	
5475	175	
5475	3396	
5475	1794	
5475	2746	
5475	1010	
5475	1016	
5475	1020	
5475	2762	
5475	2763	
5475	1036	
5475	2779	
5475	1042	
5475	2795	
5475	2797	
5475	534	
5475	3751	
5475	3753	
5475	2014	
5475	1073	
5475	543	
5475	1077	
5475	3763	
5475	551	
5475	3771	
5493	289	3.4227910071457344
5493	3893	3.496038763003746
5493	3150	3.656448260406121
5493	3911	4.169282401085873
5520	1459	3.446964332315625
5520	3408	3.9276747539185175
5520	3893	3.639371453381225
5520	1500	3.979681806367993
5520	3505	3.9420447882222236
5520	2961	2.9015095143233567
5539	2442	3.7291908968755307
5539	3534	2.935436632153159
5543	2062	3.159759276729631
5543	2453	3.220765902210862
5543	3483	3.108922039219134
5543	3802	2.3963456828504386
5543	2100	3.4189685265552634
5543	3868	3.6426393663561782
5543	3869	3.057488371325577
5543	3877	2.0020401529214444
5543	2161	3.5808085453203686
5543	2174	3.5331371362006645
5543	2193	3.4801437208720984
5543	1967	3.6113220233032144
5543	370	2.824042544521526
5543	1073	3.855652911258739
5543	1077	3.9061880061871856
5548	2599	
5557	3896	3.288344023538496
5557	1258	4.053031995623344
5557	1090	4.020675498528624
5573	914	
5573	930	
5573	3475	
5573	1188	
5573	2130	
5573	2935	
5573	1230	
5573	1265	
5573	899	
5573	2396	
5573	1094	
5605	3830	2.816002116139591
5605	2186	3.9981512877845606
5605	3160	3.4736539874891843
5605	357	3.386314958854115
5605	2996	3.1654443896889486
5605	3250	3.1785491863855313
5605	1753	3.0271061910917547
5605	2772	2.753559717529583
5620	3824	2.023120474419609
5620	3189	3.494427345017179
5620	3510	3.643550863986921
5620	3555	3.558733809684069
5620	3593	1.5740404937268295
5620	3948	3.3841174861287318
5620	3615	3.0184381150776156
5620	2393	3.3024113757995526
5620	3354	2.575323623943492
5620	173	2.0179847395398873
5620	3717	2.8864290490768347
5620	1037	2.4066744318159548
5621	1552	2.79561731340827
5621	160	1.8306400424423213
5621	165	3.124283236523519
5621	1792	2.6705296963400933
5621	1036	3.7650474259056774
5636	3328	3.4065215847797767
5653	522	3.4487281926047006
5654	1407	3.8142343597732467
5654	908	4.612955434037302
5654	924	4.256111116422598
5654	3081	3.7269296643039826
5654	1845	4.006433149194987
5654	1126	2.6215375897943165
5654	3893	3.734939257501679
5654	3175	4.064221016525217
5654	1921	3.966030878277576
5654	3535	3.4298627079521493
5654	3576	3.9154496127116913
5654	373	3.9797697506398917
5654	1994	3.9402910386822527
5654	1215	4.05005847169894
5654	3917	3.309155454804075
5654	1261	4.119334199961007
5654	733	3.9903937450605045
5654	1274	4.146444586859211
5654	1278	4.452687293214542
5654	799	3.5096483644006113
5654	1625	4.162230813966072
5654	1356	3.9642796024822275
5654	1387	4.3566374442759646
5654	3300	3.535846771095973
5654	1732	3.9079244524490986
5654	1748	4.014216790957382
5654	3702	3.8829268880810917
5654	3703	3.926533890484866
5654	1073	4.115624278570733
5654	1097	4.248778784853292
5675	3098	3.9056061075976407
5675	1173	3.3747631799735522
5675	3114	4.244066692930621
5675	2912	3.736428295980428
5675	1213	4.456163654281366
5675	2997	4.120837806669475
5675	2998	3.648553806323832
5675	1287	4.172475274032323
5675	2259	2.8330997900281987
5675	3623	3.179220950884296
5675	1348	4.056461943218172
5675	836	2.694496320527666
5675	2358	3.754911429307199
5675	3354	2.676738477973577
5675	3728	3.8775422227664
5675	3742	3.969101171463593
5675	2010	4.089818846538168
5689	1537	3.788043941715024
5689	3911	3.863688326184749
5689	2330	3.9937312050746248
5733	367	3.3985046722807146
5733	1295	3.770167112866578
5733	2710	3.121316328498776
5733	2797	3.968694914754471
5737	1893	3.3140236002524315
5737	3148	3.6038144969997425
5737	3536	3.2500658861400673
5737	3948	3.287075955426422
5737	1635	3.385523759776647
5812	3791	3.075674850154146
5812	585	2.985911449972196
5812	586	3.240521096585045
5812	2097	3.5081844778107185
5812	3040	3.3538398564130985
5812	3063	2.8544803120819426
5812	2422	2.2406096917432694
5812	3087	3.552107866525404
5812	1490	2.163571285919553
5812	971	4.1154502015511225
5812	2459	3.3483255984489184
5812	2470	3.500281639978834
5812	203	2.9721848537026196
5812	1836	3.32835748883551
5812	3450	3.4863861057301495
5812	3451	3.956718763583225
5812	241	3.494511976701981
5812	3469	4.369441007199958
5812	3480	3.6847264458109756
5812	3497	3.1357946103167933
5812	3499	3.942674249087215
5812	1896	3.170182439037307
5812	1103	4.030649332655494
5812	1113	3.088637935124475
5812	1120	3.6353865871106357
5812	1128	2.9596873430027753
5812	1135	3.2742611381834155
5812	2877	3.1115041737871794
5812	606	2.3225836188910076
5812	3827	3.505950677496549
5812	3844	3.677743344309537
5812	2109	3.8462423426106476
5812	2111	3.3379559125894835
5812	3852	3.791228933194854
5812	2115	3.8205691101772676
5812	2134	3.4700355739727056
5812	3877	2.10325521575344
5812	663	3.52996180914378
5812	3882	3.3218343161290913
5812	3885	3.1953670102049228
5812	3104	3.9008415672257573
5812	3115	3.227630005705875
5812	3132	3.6486937068628773
5812	1544	3.1036221645188706
5812	1545	4.225424295815505
5812	3176	3.448413782059306
5812	2520	3.2217149196587593
5812	2529	3.902755806714466
5812	2536	2.2330389554473604
5812	3197	3.3640222266723416
5812	1904	3.5154079819686066
5812	3515	3.2188462693649957
5812	3524	3.56463317562902
5812	19	2.6439226063136894
5812	1954	4.089404800312373
5812	344	3.3086982850249345
5812	2902	2.5339215904703254
5812	3565	3.2996609452821914
5812	31	3.243294661050951
5812	3571	3.377009099116072
5812	1974	3.161896713420148
5812	1975	2.5273303241390215
5812	1976	2.1029468411773427
5812	45	3.442538302492666
5812	1982	3.849141092390755
5812	1983	2.908820775034078
5812	1986	2.2862062326100463
5812	64	2.4765977175213254
5812	2942	3.2018999926169935
5812	80	3.796029294342444
5812	1226	4.183107433296817
5812	3916	4.015070196077691
5812	700	3.4483127739945996
5812	2989	3.610275959564853
5812	1250	4.502404201043145
5812	3952	3.79359530871893
5812	747	2.273312558594188
5812	1291	4.281546618764945
5812	2249	3.2775571998099258
5812	2253	2.5254886414577555
5812	784	2.836222347372407
5812	1600	2.8437304321035333
5812	2269	2.855032670630084
5812	3210	3.8776693826305055
5812	3243	2.6001615323240004
5812	3251	3.4180664831503007
5812	3253	3.5976848648996103
5812	3258	2.8276815009417575
5812	3263	3.2350448797536697
5812	3268	1.861781679965463
5812	3269	3.2809516477485037
5812	2639	3.2038043306616952
5812	3298	3.5201599644587995
5812	417	3.4321174683147544
5812	435	2.6663499189120725
5812	437	2.353557106592684
5812	441	3.698741484320205
5812	3689	2.2292863111842207
5812	475	3.9077066582339492
5812	3690	2.1984969554034453
5812	489	2.590557490394951
5812	1345	3.675361102020273
5812	829	2.4763722074959604
5812	2314	3.239085418557327
5812	1374	3.9955310961082287
5812	2331	3.258898331410553
5812	2333	3.815619566146898
5812	1391	2.877185865899703
5812	2369	2.9845062660207833
5812	3317	4.0175945441903504
5812	2370	3.542517583805961
5812	2373	2.562368746382024
5812	2379	2.4911663082217665
5812	3326	2.960488021673543
5812	1728	3.5584120325928494
5812	2387	2.9184026646991934
5812	2394	3.607967358893067
5812	123	4.037823711374051
5812	3357	3.85666511414093
5812	2704	3.0635638534715848
5812	3388	2.8040087897018204
5812	171	3.602827494518383
5812	2735	2.9408253280760874
5812	186	2.881115661762536
5812	1027	3.2227399163589454
5812	3712	3.2654240981328364
5812	517	3.276674022664171
5812	2795	3.9606316977368072
5812	2003	3.3915976855419667
5812	2007	2.8463003295085616
5812	3758	2.8128550763220006
5812	542	2.7792000778542842
5812	550	3.1430148595270793
5812	1096	4.024744909811843
5812	3787	3.7996258683892026
5825	902	3.9940024703013832
5825	1449	4.247202438786762
5825	3408	3.9368905129854133
5825	3863	3.332203580397985
5825	3148	4.047440006822672
5825	3536	3.769022598666915
5831	3827	3.37941993306628
5831	3852	3.6988429181932454
5831	3882	3.2288696457086496
5831	2542	3.826399867259877
5831	3317	3.9564947471363006
5831	3740	3.4030633936594676
5841	532	3.219569758218999
5880	2410	2.294376488600826
5880	2411	2.103996672062142
5880	3827	2.7968877031374837
5880	3901	1.873747931251087
5880	3911	3.5199534297795387
5948	3408	4.461795238959157
5948	3501	4.082851886134303
5948	3509	3.5031266250091906
5956	1136	3.9878874893952525
5956	1921	3.4153632880193876
5956	319	3.5557259786176116
5956	2908	3.6682542980617536
5956	1960	3.607093985268471
5956	3949	3.925195280810209
5956	2292	2.4605216548976685
5956	111	3.8379050909775594
5956	1735	2.8492825226055403
5956	3786	3.022371431297441
5972	3852	3.5612630976153623
5972	3893	3.337065800739516
5972	2268	3.773831302836733
5972	2617	3.181706024607752
5972	2624	3.9050866835948446
5972	1370	3.4245855407689385
5972	1388	2.463699304480037
5972	157	2.600941621790045
5972	165	3.4939678407332835
5972	2768	3.191717863685033
5972	1086	3.907492186906807
5995	3793	
5995	3798	
5995	969	
5995	2861	
5995	3826	
5995	3863	
5995	3155	
5995	3157	
5995	3510	
5995	3534	
5995	2907	
5995	3565	
5995	3578	
5995	2959	
5995	3909	
5995	3285	
5995	2672	
5995	3623	
5995	2694	
5995	2369	
5995	3354	
5995	2706	
5995	3717	
5995	3751	
5995	3753	
5996	911	4.693654008546589
6002	3098	4.079695698044586
6002	272	3.9572084122441247
6002	3147	4.464758548881101
6002	1942	4.304485698400477
6002	1946	4.313301790145141
6002	2268	4.307754432621423
6002	457	4.314574708087147
6002	1042	3.796902538880206
6016	3795	
6016	2062	
6016	2065	
6016	900	
6016	3044	
6016	1441	
6016	914	
6016	920	
6016	930	
6016	1476	
6016	1835	
6016	1854	
6016	252	
6016	2875	
6016	3822	
6016	3834	
6016	3861	
6016	3894	
6016	2157	
6016	3129	
6016	3512	
6016	3528	
6016	3536	
6016	1944	
6016	339	
6016	28	
6016	3569	
6016	356	
6016	361	
6016	46	
6016	2941	
6016	2944	
6016	3909	
6016	2962	
6016	3910	
6016	1639	
6016	3245	
6016	1684	
6016	3633	
6016	3635	
6016	3638	
6016	3639	
6016	3668	
6016	3684	
6016	3685	
6016	3699	
6016	1339	
6016	2347	
6016	3336	
6016	2704	
6016	2708	
6016	1777	
6016	2763	
6016	3746	
6016	3749	
6016	3756	
6016	3763	
6016	3769	
6016	1088	
